Date,SessionTime,X,Y,Z,Status,Speed,RPM,Throttle,Brake,DRS,nGear,Distance,RelativeDistance,DriverAhead,DistanceToDriverAhead,Source,Time,TimeSeconds,SessionTimeSeconds,DRSActive
2023-11-25 14:38:39.786,0 days 00:53:39.782000,604.8900776781345,2084.2255702831453,-239.98853241485617,OnTrack,236.73499776,11263.999936,100.0,0.0,8,6,3.271344393966816,0.0006247746556865,,465.3163888888888,interpolation,0 days 00:00:00,0.0,3219.782,0.0
2023-11-25 14:38:39.865,0 days 00:53:39.861000,651.0,2090.0,-240.0,OnTrack,239.5,11343.0,100.0,0.0,8,6,9.794046369119568,0.0018705068042758,,465.3163888888888,interpolation,0 days 00:00:00.079000,0.079,3219.861,0.0
2023-11-25 14:38:39.965,0 days 00:53:39.961000,708.8549385868774,2097.0201168557305,-239.7562928368974,OnTrack,243.0,11443.0,100.0,0.0,8,6,17.752500000000005,0.0033904446427377,,465.3163888888888,interpolation,0 days 00:00:00.179000,0.179,3219.961,0.0
2023-11-25 14:38:40.065,0 days 00:53:40.061000,768.70986839285,2104.040232608016,-239.29036322527529,OnTrack,244.5,11168.25,100.0,0.0,8,6,24.894848352766918,0.0047545193763925,14.0,464.4663888888888,interpolation,0 days 00:00:00.279000,0.279,3220.061,0.0
2023-11-25 14:38:40.165,0 days 00:53:40.161000,846.0,2113.0,-239.0,OnTrack,246.0,10893.5,100.0,0.0,8,6,31.22109142742029,0.00596273100524,14.0,463.6163888888888,interpolation,0 days 00:00:00.379000,0.379,3220.161,0.0
2023-11-25 14:38:40.265,0 days 00:53:40.261000,943.2978816767431,2124.222696144045,-238.95150163966304,OnTrack,247.5,10618.75,100.0,0.0,8,6,37.03803878836353,0.0070736752675691,14.0,462.76638888888886,interpolation,0 days 00:00:00.479000,0.479,3220.261,0.0
2023-11-25 14:38:40.365,0 days 00:53:40.361000,1038.0,2135.0,-239.0,OnTrack,249.0,10344.0,100.0,0.0,8,6,42.6525,0.0081459479016686,14.0,461.9163888888888,pos,0 days 00:00:00.579000,0.579,3220.361,0.0
2023-11-25 14:38:40.465,0 days 00:53:40.461000,1107.5028415466911,2142.623590527713,-239.00062693674647,OnTrack,252.0,10430.5,100.0,0.0,8,6,48.06447506232973,0.0091795489075386,14.0,461.1386111111111,interpolation,0 days 00:00:00.679000,0.679,3220.461,0.0
2023-11-25 14:38:40.565,0 days 00:53:40.561000,1156.5941232910154,2147.7146218920047,-238.9691306659376,OnTrack,255.0,10517.0,100.0,0.0,8,7,53.98583333333334,0.0103104339900709,14.0,460.3608333333333,car,0 days 00:00:00.779000,0.779,3220.561,0.0
2023-11-25 14:38:40.665,0 days 00:53:40.661000,1214.0,2154.0,-239.0,OnTrack,256.75,10584.5,100.0,0.0,8,7,61.12844417099152,0.0116745588541576,14.0,459.4441666666666,interpolation,0 days 00:00:00.879000,0.879,3220.661,0.0
2023-11-25 14:38:40.765,0 days 00:53:40.761000,1284.5081396218725,2162.100872655933,-239.108982993708,OnTrack,258.5,10652.0,100.0,0.0,8,7,69.49230757530424,0.0132719234997986,14.0,458.5274999999999,interpolation,0 days 00:00:00.979000,0.979,3220.761,0.0
2023-11-25 14:38:40.865,0 days 00:53:40.861000,1366.415080459549,2171.767340533729,-239.2892696747441,OnTrack,260.25,10719.5,100.0,0.0,8,7,78.10848941418708,0.014917476946158,14.0,457.6108333333332,interpolation,0 days 00:00:01.079000,1.079,3220.861,0.0
2023-11-25 14:38:40.965,0 days 00:53:40.961000,1449.5,2181.5,-239.5,OnTrack,262.0,10787.0,100.0,0.0,8,7,86.00805555555556,0.0164261682123997,14.0,456.69416666666655,interpolation,0 days 00:00:01.179000,1.179,3220.961,0.0
2023-11-25 14:38:41.065,0 days 00:53:41.061000,1532.059419102606,2191.0489491696912,-239.734363927424,OnTrack,262.6666666666667,10855.666666666666,100.0,0.0,8,7,93.1910059994097,0.0177979972985237,14.0,456.0460185185184,interpolation,0 days 00:00:01.279000,1.279,3221.061,0.0
2023-11-25 14:38:41.165,0 days 00:53:41.161000,1614.093337767365,2200.414188042801,-239.99236145701587,OnTrack,263.3333333333333,10924.333333333334,100.0,0.0,8,7,99.78337774198918,0.0190570352626169,14.0,455.39787037037024,interpolation,0 days 00:00:01.379000,1.379,3221.161,0.0
2023-11-25 14:38:41.265,0 days 00:53:41.261000,1693.955587548442,2209.4473328945105,-240.12917825809984,OnTrack,264.0,10993.0,100.0,0.0,8,7,106.54138888888887,0.0203477077137403,14.0,454.7497222222221,interpolation,0 days 00:00:01.479000,1.479,3221.261,0.0
2023-11-25 14:38:41.365,0 days 00:53:41.361000,1770.0,2218.0,-240.0,OnTrack,265.5,11077.0,100.0,0.0,8,7,113.59107514573634,0.0216940854634944,14.0,454.0552777777776,interpolation,0 days 00:00:01.579000,1.579,3221.361,0.0
2023-11-25 14:38:41.465,0 days 00:53:41.461000,1842.22657512204,2226.072189359271,-239.6048266827164,OnTrack,267.0,11161.0,100.0,0.0,8,7,121.37472222222222,0.0231806380353256,14.0,453.3608333333332,interpolation,0 days 00:00:01.679000,1.679,3221.461,0.0
2023-11-25 14:38:41.565,0 days 00:53:41.561000,1910.832400989779,2233.688886075476,-239.05293702696372,OnTrack,268.3333333333333,11190.666666666666,100.0,0.0,8,7,130.33461582803727,0.0248918349526801,14.0,452.45833333333314,interpolation,0 days 00:00:01.779000,1.779,3221.561,0.0
2023-11-25 14:38:41.665,0 days 00:53:41.661000,1977.0,2241.0,-239.0,OnTrack,269.6666666666667,11220.333333333334,100.0,0.0,8,7,140.11151911964132,0.0267590677022976,14.0,451.5558333333331,interpolation,0 days 00:00:01.879000,1.879,3221.661,0.0
2023-11-25 14:38:41.765,0 days 00:53:41.761000,2040.9264582097496,2248.030515980151,-239.55529320353145,OnTrack,271.0,11250.0,100.0,0.0,8,7,148.54999999999998,0.0283706830969551,14.0,450.6533333333331,interpolation,0 days 00:00:01.979000,1.979,3221.761,0.0
2023-11-25 14:38:41.865,0 days 00:53:41.861000,2112.0,2256.0,-240.0,OnTrack,271.6666666666667,11264.0,100.0,0.0,8,7,155.29081794696913,0.0296580719208375,14.0,450.0977777777776,interpolation,0 days 00:00:02.079000,2.079,3221.861,0.0
2023-11-25 14:38:41.965,0 days 00:53:41.961000,2199.6088497517244,2266.1280180436192,-239.61530375184748,OnTrack,272.3333333333333,11278.0,100.0,0.0,8,7,160.6751446761065,0.030686392535599,14.0,449.54222222222194,interpolation,0 days 00:00:02.179000,2.179,3221.961,0.0
2023-11-25 14:38:42.065,0 days 00:53:42.061000,2293.0,2277.0,-239.0,OnTrack,273.0,11292.0,100.0,0.0,8,7,166.74999999999997,0.031846593109507,14.0,448.9866666666664,interpolation,0 days 00:00:02.279000,2.279,3222.061,0.0
2023-11-25 14:38:42.165,0 days 00:53:42.161000,2381.420443279906,2287.2013757581344,-238.7528842853837,OnTrack,274.5,11370.5,100.0,0.0,8,7,173.856552140627,0.0332038313369975,14.0,448.26444444444417,interpolation,0 days 00:00:02.379000,2.379,3222.161,0.0
2023-11-25 14:38:42.265,0 days 00:53:42.261000,2464.2758250718884,2296.666333467142,-238.83359930488032,OnTrack,276.0,11449.0,100.0,0.0,8,7,182.0833333333333,0.0347750154644042,14.0,447.542222222222,interpolation,0 days 00:00:02.479000,2.479,3222.261,0.0
2023-11-25 14:38:42.365,0 days 00:53:42.361000,2538.0,2305.0,-239.0,OnTrack,277.3333333333333,11478.666666666666,100.0,0.0,8,7,191.5188758134648,0.0365770537380606,14.0,446.6088888888887,pos,0 days 00:00:02.579000,2.579,3222.361,0.0
2023-11-25 14:38:42.465,0 days 00:53:42.461000,2601.9986074584667,2312.1365628319127,-239.21172865436364,OnTrack,278.6666666666667,11508.333333333334,100.0,0.0,8,7,201.72619092787323,0.0385264882879203,14.0,445.67555555555526,interpolation,0 days 00:00:02.679000,2.679,3222.461,0.0
2023-11-25 14:38:42.565,0 days 00:53:42.561000,2656.271647447288,2318.0760219628787,-239.46878526797124,OnTrack,280.0,11538.0,100.0,0.0,8,7,210.0833333333333,0.0401225693298686,14.0,444.7422222222219,interpolation,0 days 00:00:02.779000,2.779,3222.561,0.0
2023-11-25 14:38:42.665,0 days 00:53:42.661000,2717.158863712465,2324.7274701124056,-239.74144924759324,OnTrack,280.5,11590.0,100.0,0.0,8,7,216.15330990191023,0.0412818381392462,14.0,444.1422222222219,interpolation,0 days 00:00:02.879000,2.879,3222.661,0.0
2023-11-25 14:38:42.765,0 days 00:53:42.761000,2801.0,2334.0,-240.0,OnTrack,281.0,11642.0,100.0,0.0,8,7,222.57222222222225,0.0425077481174806,14.0,443.5422222222219,interpolation,0 days 00:00:02.979000,2.979,3222.761,0.0
2023-11-25 14:38:42.865,0 days 00:53:42.861000,2907.795056309892,2345.8936116256614,-240.2444375251916,OnTrack,282.5,11680.5,100.0,0.0,8,7,231.9761718828877,0.0443037526659993,14.0,442.6088888888886,interpolation,0 days 00:00:03.079000,3.079,3222.861,0.0
2023-11-25 14:38:42.965,0 days 00:53:42.961000,2996.0,2356.0,-240.0,OnTrack,284.0,11719.0,100.0,0.0,8,7,241.50555555555556,0.0461237131122232,14.0,441.6755555555553,interpolation,0 days 00:00:03.179000,3.179,3222.961,0.0
2023-11-25 14:38:43.065,0 days 00:53:43.061000,3035.0,2361.0,-239.0,OnTrack,284.5,11752.5,100.0,0.0,8,7,248.30076991187457,0.047421490783573,14.0,441.0755555555553,interpolation,0 days 00:00:03.279000,3.279,3223.061,0.0
2023-11-25 14:38:43.165,0 days 00:53:43.161000,3090.370601487015,2367.428484282387,-238.4928903097156,OnTrack,285.0,11786.0,100.0,0.0,8,7,254.17222222222225,0.0485428446227905,14.0,440.4755555555553,interpolation,0 days 00:00:03.379000,3.379,3223.161,0.0
2023-11-25 14:38:43.265,0 days 00:53:43.261000,3173.04111794846,2376.374603866384,-238.6867474585822,OnTrack,285.3333333333333,11817.666666666666,100.0,0.0,8,7,260.9303197569759,0.0498335335726175,14.0,439.8274074074071,interpolation,0 days 00:00:03.479000,3.479,3223.261,0.0
2023-11-25 14:38:43.365,0 days 00:53:43.361000,3267.691075435676,2386.6334215171883,-239.0372308781577,OnTrack,285.6666666666667,11849.333333333334,100.0,0.0,8,7,268.49841960641385,0.0512789200584776,14.0,439.17925925925897,interpolation,0 days 00:00:03.579000,3.579,3223.361,0.0
2023-11-25 14:38:43.465,0 days 00:53:43.461000,3359.0,2397.0,-239.0,OnTrack,286.0,11881.0,100.0,0.0,8,7,276.4166666666667,0.0527911790825761,14.0,438.5311111111108,pos,0 days 00:00:03.679000,3.679,3223.461,0.0
2023-11-25 14:38:43.565,0 days 00:53:43.561000,3446.967891641436,2407.4743393148183,-238.57505482410903,OnTrack,286.5,11790.0,100.0,0.0,8,7,284.6084188128319,0.0543556732202244,14.0,437.8088888888887,interpolation,0 days 00:00:03.779000,3.779,3223.561,0.0
2023-11-25 14:38:43.665,0 days 00:53:43.661000,3532.0,2417.0,-238.0,OnTrack,287.0,11699.0,100.0,0.0,8,7,292.3611111111111,0.0558363139226322,14.0,437.0866666666665,interpolation,0 days 00:00:03.879000,3.879,3223.661,0.0
2023-11-25 14:38:43.765,0 days 00:53:43.761000,3614.501574715712,2424.5205425939007,-237.512440177188,OnTrack,274.0,11319.0,67.33333333333333,0.0,8,7,298.96217862770567,0.0570970126410093,14.0,437.5792592592591,interpolation,0 days 00:00:03.979000,3.979,3223.761,0.0
2023-11-25 14:38:43.865,0 days 00:53:43.861000,3692.371164826151,2430.086380979123,-237.1346191091413,OnTrack,261.0,10939.0,34.66666666666666,0.0,8,7,304.73834921228746,0.0582001691887651,14.0,438.0718518518517,interpolation,0 days 00:00:04.079000,4.079,3223.861,0.0
2023-11-25 14:38:43.965,0 days 00:53:43.961000,3753.0,2434.0,-237.0,OnTrack,248.0,10559.0,2.0,0.0,8,7,311.65,0.0595201843632855,14.0,438.5644444444443,interpolation,0 days 00:00:04.179000,4.179,3223.961,0.0
2023-11-25 14:38:44.065,0 days 00:53:44.061000,3794.286607755871,2436.311814055376,-237.13082683100947,OnTrack,229.0,10227.5,1.0,1.0,8,7,320.0238621862253,0.0611194586169575,14.0,440.7811111111109,interpolation,0 days 00:00:04.279000,4.279,3224.061,0.0
2023-11-25 14:38:44.165,0 days 00:53:44.161000,3849.0,2444.0,-237.0,OnTrack,210.0,9896.0,0.0,1.0,8,7,327.9833333333333,0.0626395907848065,14.0,442.9977777777776,interpolation,0 days 00:00:04.379000,4.379,3224.161,0.0
2023-11-25 14:38:44.265,0 days 00:53:44.261000,3949.9091886386254,2464.042734688625,-236.08041990480183,OnTrack,206.33333333333331,10149.0,0.0,1.0,8,7,333.65181100369443,0.0637221797018579,14.0,444.5088888888887,interpolation,0 days 00:00:04.479000,4.479,3224.261,0.0
2023-11-25 14:38:44.365,0 days 00:53:44.361000,4052.0,2486.0,-235.0,OnTrack,202.66666666666663,10402.0,0.0,1.0,8,7,337.3775423955244,0.0644337350342172,14.0,446.0199999999999,interpolation,0 days 00:00:04.579000,4.579,3224.361,0.0
2023-11-25 14:38:44.465,0 days 00:53:44.461000,4110.258260412376,2499.431777812876,-234.38665374017936,OnTrack,199.0,10655.0,0.0,1.0,8,7,341.25,0.065173312735348,14.0,447.531111111111,interpolation,0 days 00:00:04.679000,4.679,3224.461,0.0
2023-11-25 14:38:44.565,0 days 00:53:44.561000,4124.683969875758,2504.3380681272547,-234.2403811253401,OnTrack,191.5,10151.0,0.0,1.0,8,7,345.6174274493044,0.0660074217903002,14.0,449.8644444444443,interpolation,0 days 00:00:04.779000,4.779,3224.561,0.0
2023-11-25 14:38:44.665,0 days 00:53:44.661000,4127.017694401259,2509.825324378005,-234.22391794783067,OnTrack,184.0,9647.0,0.0,1.0,8,7,351.47222222222223,0.0671255943052794,14.0,452.1977777777777,interpolation,0 days 00:00:04.879000,4.879,3224.661,0.0
2023-11-25 14:38:44.765,0 days 00:53:44.761000,4149.0,2525.0,-234.0,OnTrack,172.0,9136.0,0.0,1.0,8,6,359.1166666666666,0.0685855613923586,14.0,456.4644444444443,interpolation,0 days 00:00:04.979000,4.979,3224.761,0.0
2023-11-25 14:38:44.865,0 days 00:53:44.861000,4190.630886671979,2549.8620949932383,-233.568627281848,OnTrack,171.0,9007.666666666666,0.0,1.0,8,5,364.41009119766767,0.069596521135655,14.0,458.6644444444443,interpolation,0 days 00:00:05.079000,5.079,3224.861,0.0
2023-11-25 14:38:44.965,0 days 00:53:44.961000,4239.0,2585.0,-233.0,OnTrack,170.0,8879.333333333334,0.0,1.0,8,5,367.16347579551297,0.0701223737231306,14.0,460.8644444444444,interpolation,0 days 00:00:05.179000,5.179,3224.961,0.0
2023-11-25 14:38:45.065,0 days 00:53:45.061000,4281.196985566867,2631.0021056625637,-232.3643183610813,OnTrack,169.0,8751.0,0.0,1.0,8,5,370.38333333333327,0.0707373152096526,14.0,463.0644444444444,interpolation,0 days 00:00:05.279000,5.279,3225.061,0.0
2023-11-25 14:38:45.165,0 days 00:53:45.161000,4316.769111447578,2684.690743472847,-231.67360551590508,OnTrack,167.0,8716.0,5.999999999999999,0.0,8,5,374.5707467244304,0.071537044447719,14.0,466.23481481481474,interpolation,0 days 00:00:05.379000,5.379,3225.161,0.0
2023-11-25 14:38:45.265,0 days 00:53:45.261000,4343.0,2727.0,-231.0,OnTrack,165.0,8681.0,11.999999999999998,0.0,8,5,379.6172698007204,0.0725008499471394,14.0,469.4051851851851,interpolation,0 days 00:00:05.479000,5.479,3225.261,0.0
2023-11-25 14:38:45.365,0 days 00:53:45.361000,4359.436923935081,2754.752239275099,-230.3555248410628,OnTrack,163.0,8646.0,18.0,0.0,8,5,384.87222222222215,0.073504462130512,14.0,472.57555555555547,interpolation,0 days 00:00:05.579000,5.579,3225.361,0.0
2023-11-25 14:38:45.465,0 days 00:53:45.461000,4366.079883252822,2767.947461298145,-229.7401800390934,OnTrack,160.5,8708.5,36.0,0.0,8,5,390.22715671035735,0.0745271692955597,14.0,476.32652777777776,interpolation,0 days 00:00:05.679000,5.679,3225.461,0.0
2023-11-25 14:38:45.565,0 days 00:53:45.561000,4369.932900944151,2788.418952672117,-229.50474521757727,OnTrack,158.0,8771.0,54.0,0.0,8,5,395.36166666666657,0.0755077788871357,14.0,480.0775,interpolation,0 days 00:00:05.779000,5.779,3225.561,0.0
2023-11-25 14:38:45.665,0 days 00:53:45.661000,4378.0,2838.0,-230.0,OnTrack,158.66666666666666,8855.0,60.0,0.0,8,5,399.9553454926904,0.0763850983500931,14.0,482.9812037037037,interpolation,0 days 00:00:05.879000,5.879,3225.661,0.0
2023-11-25 14:38:45.765,0 days 00:53:45.761000,4389.0,2910.0,-231.0,OnTrack,159.33333333333334,8939.0,66.0,0.0,8,5,404.0399601143297,0.0771651946611245,14.0,485.88490740740735,interpolation,0 days 00:00:05.979000,5.979,3225.761,0.0
2023-11-25 14:38:45.865,0 days 00:53:45.861000,4395.245857779682,2964.2755385160053,-231.14908584039665,OnTrack,160.0,9023.0,72.0,0.0,8,5,407.806111111111,0.0778844694940088,14.0,488.78861111111104,interpolation,0 days 00:00:06.079000,6.079,3225.861,0.0
2023-11-25 14:38:45.965,0 days 00:53:45.961000,4396.164003478196,2998.5159149735528,-230.4194618110164,OnTrack,161.5,9070.5,73.0,0.0,8,5,411.2855650836434,0.0785489897633131,14.0,491.2108333333332,interpolation,0 days 00:00:06.179000,6.179,3225.961,0.0
2023-11-25 14:38:46.065,0 days 00:53:46.061000,4396.0,3039.0,-230.0,OnTrack,163.0,9118.0,74.0,0.0,8,5,415.0505555555555,0.0792680429544385,14.0,493.6330555555554,interpolation,0 days 00:00:06.279000,6.279,3226.061,0.0
2023-11-25 14:38:46.165,0 days 00:53:46.161000,4395.461437539631,3090.107582941974,-230.0888447408684,OnTrack,165.5,9285.5,87.0,0.0,8,5,419.67331605047593,0.0801509165527859,14.0,496.5497222222221,interpolation,0 days 00:00:06.379000,6.379,3226.161,0.0
2023-11-25 14:38:46.265,0 days 00:53:46.261000,4394.519356676785,3149.3727563750804,-230.59805701398116,OnTrack,168.0,9453.0,100.0,0.0,8,5,424.3838888888888,0.0810505609095933,14.0,499.46638888888873,interpolation,0 days 00:00:06.479000,6.479,3226.261,0.0
2023-11-25 14:38:46.365,0 days 00:53:46.361000,4393.0,3202.0,-231.0,OnTrack,171.33333333333334,9564.666666666666,100.0,0.0,8,5,428.4123163912777,0.0818199263760984,14.0,501.95527777777767,pos,0 days 00:00:06.579000,6.579,3226.361,0.0
2023-11-25 14:38:46.465,0 days 00:53:46.461000,4390.874407792429,3245.5233811413173,-231.2067337787844,OnTrack,174.66666666666666,9676.333333333334,100.0,0.0,8,5,432.18144133048446,0.082539769184601,14.0,504.4441666666666,interpolation,0 days 00:00:06.679000,6.679,3226.461,0.0
2023-11-25 14:38:46.565,0 days 00:53:46.561000,4388.053188995068,3281.8030665958067,-231.21441681337205,OnTrack,178.0,9788.0,100.0,0.0,8,5,438.2283333333333,0.0836946292097396,14.0,506.93305555555554,car,0 days 00:00:06.779000,6.779,3226.561,0.0
2023-11-25 14:38:46.665,0 days 00:53:46.661000,4384.0,3322.0,-231.0,OnTrack,181.0,10093.0,100.0,0.0,8,5,446.2727777777777,0.0852309899234683,14.0,511.1108333333334,interpolation,0 days 00:00:06.879000,6.879,3226.661,0.0
2023-11-25 14:38:46.765,0 days 00:53:46.761000,4378.625450663582,3367.974329102663,-230.55964184104317,OnTrack,185.33333333333331,10310.0,100.0,0.0,8,5,452.0963827167682,0.0863432056771267,14.0,512.9552777777778,interpolation,0 days 00:00:06.979000,6.979,3226.761,0.0
2023-11-25 14:38:46.865,0 days 00:53:46.861000,4371.883733256985,3419.6977012890848,-229.9487753154702,OnTrack,189.66666666666663,10527.0,100.0,0.0,8,5,455.4665491541474,0.0869868537685362,14.0,514.7997222222223,interpolation,0 days 00:00:07.079000,7.079,3226.861,0.0
2023-11-25 14:38:46.965,0 days 00:53:46.961000,4363.5,3477.0,-229.5,OnTrack,194.0,10744.0,100.0,0.0,8,5,459.2061111111111,0.0877010505184685,14.0,516.6441666666667,pos,0 days 00:00:07.179000,7.179,3226.961,0.0
2023-11-25 14:38:47.065,0 days 00:53:47.061000,4353.428442694726,3539.852872330365,-229.2687494412379,OnTrack,197.0,10854.0,100.0,0.0,8,5,463.7855433333479,0.0885756491070991,14.0,518.6719444444445,interpolation,0 days 00:00:07.279000,7.279,3227.061,0.0
2023-11-25 14:38:47.165,0 days 00:53:47.161000,4341.0,3611.0,-229.0,OnTrack,200.0,10964.0,100.0,0.0,8,5,469.2048458208576,0.0896106495344278,14.0,520.6997222222222,interpolation,0 days 00:00:07.379000,7.379,3227.161,0.0
2023-11-25 14:38:47.265,0 days 00:53:47.261000,4325.545610574662,3693.1850647287247,-228.4387280371024,OnTrack,203.0,11074.0,100.0,0.0,8,5,475.3470031757164,0.0907837037239016,14.0,522.7275,interpolation,0 days 00:00:07.479000,7.479,3227.261,0.0
2023-11-25 14:38:47.365,0 days 00:53:47.361000,4308.003167449802,3782.111495699468,-227.64730970475185,OnTrack,206.0,11184.0,100.0,0.0,8,5,482.0949999999999,0.0920724635989673,14.0,524.7552777777778,car,0 days 00:00:07.579000,7.579,3227.361,0.0
2023-11-25 14:38:47.465,0 days 00:53:47.461000,4294.0,3852.0,-227.0,OnTrack,209.0,11376.5,100.0,0.0,8,5,489.4488362937084,0.0934769291596249,14.0,527.0552777777779,interpolation,0 days 00:00:07.679000,7.679,3227.461,0.0
2023-11-25 14:38:47.565,0 days 00:53:47.561000,4284.47399165237,3898.554050809909,-226.5591744363251,OnTrack,212.0,11569.0,100.0,0.0,8,5,496.2283333333333,0.094771705073916,14.0,529.3552777777779,interpolation,0 days 00:00:07.779000,7.779,3227.561,0.0
2023-11-25 14:38:47.665,0 days 00:53:47.661000,4279.425142406913,3921.773648129193,-226.32483301372704,OnTrack,212.5,11638.5,100.0,0.0,8,5,501.25331239536655,0.0957313960098822,14.0,530.8886111111112,interpolation,0 days 00:00:07.879000,7.879,3227.661,0.0
2023-11-25 14:38:47.765,0 days 00:53:47.761000,4273.913721958001,3944.1064213838818,-225.9280750842655,OnTrack,213.0,11708.0,100.0,0.0,8,5,505.695,0.0965796875712873,14.0,532.4219444444445,car,0 days 00:00:07.979000,7.979,3227.761,0.0
2023-11-25 14:38:47.865,0 days 00:53:47.861000,4263.0,3988.0,-225.0,OnTrack,216.0,11434.75,100.0,0.0,8,5,510.72462266742514,0.0975402653618951,14.0,534.0927777777779,interpolation,0 days 00:00:08.079000,8.079,3227.861,0.0
2023-11-25 14:38:47.965,0 days 00:53:47.961000,4246.683976532912,4053.454383977548,-223.54060776093056,OnTrack,219.0,11161.5,100.0,0.0,8,5,516.3421803976426,0.0986131293817055,14.0,535.7636111111112,interpolation,0 days 00:00:08.179000,8.179,3227.961,0.0
2023-11-25 14:38:48.065,0 days 00:53:48.061000,4230.0,4120.0,-222.0,OnTrack,222.0,10888.25,100.0,0.0,8,5,522.9017729290384,0.0998659070387462,14.0,537.4344444444446,interpolation,0 days 00:00:08.279000,8.279,3228.061,0.0
2023-11-25 14:38:48.165,0 days 00:53:48.161000,4217.982418844528,4167.167274750831,-220.8282783501513,OnTrack,225.0,10615.0,100.0,0.0,8,5,530.7574999999999,0.1013662257410445,14.0,539.1052777777779,interpolation,0 days 00:00:08.379000,8.379,3228.161,0.0
2023-11-25 14:38:48.265,0 days 00:53:48.261000,4208.859412151453,4201.470985944232,-219.8486108167841,OnTrack,229.0,10801.5,100.0,0.0,8,5,539.9093616105267,0.1031140854886005,14.0,541.1663888888891,interpolation,0 days 00:00:08.479000,8.479,3228.261,0.0
2023-11-25 14:38:48.365,0 days 00:53:48.361000,4192.0,4262.0,-218.0,OnTrack,233.0,10988.0,100.0,0.0,8,5,548.8797222222221,0.1048272814373035,14.0,543.2275000000003,interpolation,0 days 00:00:08.579000,8.579,3228.361,0.0
2023-11-25 14:38:48.465,0 days 00:53:48.461000,4165.632343331586,4355.269161343992,-215.10561209442983,OnTrack,233.66666666666663,11069.333333333334,100.0,0.0,8,6,556.1909462966893,0.1062236087430425,14.0,544.6015740740744,interpolation,0 days 00:00:08.679000,8.679,3228.461,0.0
2023-11-25 14:38:48.565,0 days 00:53:48.561000,4139.0,4450.0,-212.0,OnTrack,234.33333333333331,11150.666666666666,100.0,0.0,8,6,561.9898693535762,0.1073311106504849,14.0,545.9756481481486,interpolation,0 days 00:00:08.779000,8.779,3228.561,0.0
2023-11-25 14:38:48.665,0 days 00:53:48.661000,4121.34652785903,4514.914045991815,-209.5177166166369,OnTrack,235.0,11232.0,100.0,0.0,8,6,567.1574999999998,0.1083180457661483,14.0,547.3497222222227,interpolation,0 days 00:00:08.879000,8.879,3228.661,0.0
2023-11-25 14:38:48.765,0 days 00:53:48.761000,4112.671926908677,4550.01129931944,-207.65876194434065,OnTrack,237.0,11306.0,100.0,0.0,8,6,571.8406722520199,0.1092124570475385,14.0,548.4386111111115,interpolation,0 days 00:00:08.979000,8.979,3228.761,0.0
2023-11-25 14:38:48.865,0 days 00:53:48.861000,4100.661362503985,4587.602902987344,-205.720426299874,OnTrack,239.0,11380.0,100.0,0.0,8,6,576.4249986927211,0.1100879903539143,14.0,549.5275000000004,interpolation,0 days 00:00:09.079000,9.079,3228.861,0.0
2023-11-25 14:38:48.965,0 days 00:53:48.961000,4073.0,4660.0,-203.0,OnTrack,241.0,11454.0,100.0,0.0,8,6,583.2241666666665,0.1113865231032362,14.0,550.6163888888892,interpolation,0 days 00:00:09.179000,9.179,3228.961,0.0
2023-11-25 14:38:49.065,0 days 00:53:49.061000,4029.687839396719,4767.202590357407,-199.4974830447186,OnTrack,243.0,11548.5,100.0,0.0,8,6,592.6237927056341,0.1131817019089005,14.0,552.4052777777781,interpolation,0 days 00:00:09.279000,9.279,3229.061,0.0
2023-11-25 14:38:49.165,0 days 00:53:49.161000,3986.0,4873.0,-196.0,OnTrack,245.0,11643.0,100.0,0.0,8,6,602.2797222222222,0.1150258305950107,14.0,554.194166666667,interpolation,0 days 00:00:09.379000,9.379,3229.161,0.0
2023-11-25 14:38:49.265,0 days 00:53:49.261000,3957.211601115701,4941.181554868215,-193.29467543181448,OnTrack,246.0,11668.5,100.0,0.0,8,6,609.8478006290301,0.1164712129856701,14.0,555.444166666667,interpolation,0 days 00:00:09.479000,9.479,3229.261,0.0
2023-11-25 14:38:49.365,0 days 00:53:49.361000,3943.32264274382,4971.747254962051,-191.381509340162,OnTrack,247.0,11694.0,100.0,0.0,8,6,616.0019444444443,0.1176465563981252,14.0,556.694166666667,interpolation,0 days 00:00:09.579000,9.579,3229.361,0.0
2023-11-25 14:38:49.465,0 days 00:53:49.461000,3926.272363000031,4991.939327574863,-189.5275885784285,OnTrack,247.5,11204.0,100.0,0.0,8,6,621.4160701868514,0.1186805681496223,14.0,557.6941666666669,interpolation,0 days 00:00:09.679000,9.679,3229.461,0.0
2023-11-25 14:38:49.565,0 days 00:53:49.561000,3888.0,5029.0,-187.0,OnTrack,248.0,10714.0,100.0,0.0,8,6,627.0241666666666,0.1197516252213556,14.0,558.6941666666669,interpolation,0 days 00:00:09.779000,9.779,3229.561,0.0
2023-11-25 14:38:49.665,0 days 00:53:49.661000,3828.505553743732,5082.929272237467,-183.79874360487656,OnTrack,249.25,10670.25,100.0,0.0,8,6,633.7602226943055,0.1210381045945194,14.0,559.9469444444446,interpolation,0 days 00:00:09.879000,9.879,3229.661,0.0
2023-11-25 14:38:49.765,0 days 00:53:49.761000,3752.805662303236,5149.016726414713,-180.10435030209655,OnTrack,250.5,10626.5,100.0,0.0,8,6,641.6242382697678,0.1225400062691136,14.0,561.1997222222224,interpolation,0 days 00:00:09.979000,9.979,3229.761,0.0
2023-11-25 14:38:49.865,0 days 00:53:49.861000,3691.0,5199.0,-177.0,OnTrack,251.75,10582.75,100.0,0.0,8,6,649.9187735992352,0.1241241303570895,14.0,562.4525000000001,interpolation,0 days 00:00:10.079000,10.079,3229.861,0.0
2023-11-25 14:38:49.965,0 days 00:53:49.961000,3648.105153535927,5228.168723355213,-174.66622175899843,OnTrack,253.0,10539.0,100.0,0.0,8,6,657.9463888888888,0.1256572769703983,14.0,563.7052777777778,interpolation,0 days 00:00:10.179000,10.179,3229.961,0.0
2023-11-25 14:38:50.065,0 days 00:53:50.061000,3620.7824778485992,5239.627050398645,-172.95741813603493,OnTrack,253.6,10573.8,100.0,0.0,8,7,665.7070841387288,0.1271394461090403,14.0,564.7186111111112,interpolation,0 days 00:00:10.279000,10.279,3230.061,0.0
2023-11-25 14:38:50.165,0 days 00:53:50.161000,3589.0,5252.0,-171.0,OnTrack,254.2,10608.6,100.0,0.0,8,7,673.200859348755,0.1285706377730152,14.0,565.7319444444445,interpolation,0 days 00:00:10.379000,10.379,3230.161,0.0
2023-11-25 14:38:50.265,0 days 00:53:50.261000,3549.4190407398128,5268.391757864272,-168.6483684169114,OnTrack,254.8,10643.4,100.0,0.0,8,7,680.3476771460925,0.1299355660993695,14.0,566.7452777777779,interpolation,0 days 00:00:10.479000,10.479,3230.261,0.0
2023-11-25 14:38:50.365,0 days 00:53:50.361000,3496.610506205164,5289.776583052301,-165.70669328394104,OnTrack,255.4,10678.2,100.0,0.0,8,7,686.6673108347354,0.1311425154407989,14.0,567.7586111111112,interpolation,0 days 00:00:10.579000,10.579,3230.361,0.0
2023-11-25 14:38:50.465,0 days 00:53:50.461000,3398.0,5322.0,-161.0,OnTrack,256.0,10713.0,100.0,0.0,8,7,692.0797222222221,0.1321761997778217,14.0,568.7719444444446,pos,0 days 00:00:10.679000,10.679,3230.461,0.0
2023-11-25 14:38:50.565,0 days 00:53:50.561000,3264.0,5362.0,-155.0,OnTrack,257.5,10739.5,100.0,0.0,8,7,696.5849113085523,0.1330366191104379,14.0,569.5497222222223,interpolation,0 days 00:00:10.779000,10.779,3230.561,0.0
2023-11-25 14:38:50.665,0 days 00:53:50.661000,3189.659116424932,5385.559160294634,-151.71190997189535,OnTrack,259.0,10766.0,100.0,0.0,8,7,703.5908333333333,0.1343746385891793,14.0,570.3275,interpolation,0 days 00:00:10.879000,10.879,3230.661,0.0
2023-11-25 14:38:50.765,0 days 00:53:50.761000,3141.0,5403.0,-150.0,OnTrack,261.0,10773.0,100.0,0.0,8,7,715.1908333333333,0.1365900537620146,14.0,571.7497222222221,interpolation,0 days 00:00:10.979000,10.979,3230.761,0.0
2023-11-25 14:38:50.865,0 days 00:53:50.861000,3068.20394752179,5428.681254692971,-148.06100747174796,OnTrack,262.3333333333333,10855.0,100.0,0.0,8,7,723.4972904762076,0.1381764547263964,14.0,572.3719444444444,interpolation,0 days 00:00:11.079000,11.079,3230.861,0.0
2023-11-25 14:38:50.965,0 days 00:53:50.961000,2989.0,5456.0,-146.0,OnTrack,263.6666666666667,10937.0,100.0,0.0,8,7,727.925800961187,0.1390222296679036,14.0,572.9941666666667,interpolation,0 days 00:00:11.179000,11.179,3230.961,0.0
2023-11-25 14:38:51.065,0 days 00:53:51.061000,2921.117198444329,5478.353311547538,-143.92204519761702,OnTrack,265.0,11019.0,100.0,0.0,8,7,732.8575,0.1399641056057005,14.0,573.616388888889,interpolation,0 days 00:00:11.279000,11.279,3231.061,0.0
2023-11-25 14:38:51.165,0 days 00:53:51.161000,2860.964971351073,5497.945237596029,-141.85877721691585,OnTrack,265.3333333333333,11054.333333333334,100.0,0.0,8,7,739.0225730560394,0.1411415363289752,14.0,573.953425925926,interpolation,0 days 00:00:11.379000,11.379,3231.161,0.0
2023-11-25 14:38:51.265,0 days 00:53:51.261000,2787.0,5528.0,-140.0,OnTrack,265.6666666666667,11089.666666666666,100.0,0.0,8,7,746.253637108318,0.1425225543476961,14.0,574.2904629629629,interpolation,0 days 00:00:11.479000,11.479,3231.261,0.0
2023-11-25 14:38:51.365,0 days 00:53:51.361000,2695.6317496546694,5570.721624450556,-138.37734737525432,OnTrack,266.0,11125.0,100.0,0.0,8,7,753.5463888888888,0.143915353739627,14.0,574.6274999999999,interpolation,0 days 00:00:11.579000,11.579,3231.361,0.0
2023-11-25 14:38:51.465,0 days 00:53:51.461000,2611.0,5615.0,-137.0,OnTrack,266.5,11137.0,100.0,0.0,8,7,760.7334436627541,0.1452879666873872,14.0,573.9886111111111,interpolation,0 days 00:00:11.679000,11.679,3231.461,0.0
2023-11-25 14:38:51.565,0 days 00:53:51.561000,2557.244530720912,5649.725015700635,-135.87713853155833,OnTrack,267.0,11149.0,100.0,0.0,8,7,768.3797222222221,0.1467482840612123,14.0,573.3497222222223,interpolation,0 days 00:00:11.779000,11.779,3231.561,0.0
2023-11-25 14:38:51.665,0 days 00:53:51.661000,2529.213977924176,5677.283889231232,-134.96488830689833,OnTrack,267.5,11129.0,100.0,0.0,8,7,777.0501453596016,0.1484041967313375,14.0,571.016388888889,interpolation,0 days 00:00:11.879000,11.879,3231.661,0.0
2023-11-25 14:38:51.765,0 days 00:53:51.761000,2496.0,5712.0,-134.0,OnTrack,268.0,11109.0,100.0,0.0,8,7,786.2463888888888,0.1501605327182229,14.0,568.6830555555555,interpolation,0 days 00:00:11.979000,11.979,3231.761,0.0
2023-11-25 14:38:51.865,0 days 00:53:51.861000,2452.4511803049218,5756.260590130944,-132.9385984985535,OnTrack,269.0,11118.0,100.0,0.0,8,7,795.47012862408,0.1519221200423287,14.0,565.5830555555555,interpolation,0 days 00:00:12.079000,12.079,3231.861,0.0
2023-11-25 14:38:51.965,0 days 00:53:51.961000,2403.0,5812.0,-132.0,OnTrack,270.0,11127.0,100.0,0.0,8,7,804.2463888888888,0.1535982459174501,14.0,562.4830555555554,interpolation,0 days 00:00:12.179000,12.179,3231.961,0.0
2023-11-25 14:38:52.065,0 days 00:53:52.061000,2352.0789402462933,5881.152569983112,-131.40352070178065,OnTrack,270.0,11179.25,100.0,0.0,8,7,812.1001940070291,0.1550981975573828,14.0,559.5911111111111,interpolation,0 days 00:00:12.279000,12.279,3232.061,0.0
2023-11-25 14:38:52.165,0 days 00:53:52.161000,2299.6880010438017,5963.718300080276,-131.1491606038954,OnTrack,270.0,11231.5,100.0,0.0,8,7,819.0315439785011,0.1564219749621268,14.0,556.6991666666667,interpolation,0 days 00:00:12.379000,12.379,3232.161,0.0
2023-11-25 14:38:52.265,0 days 00:53:52.261000,2251.453061319409,6051.424880137303,-131.07022020406248,OnTrack,270.0,11283.75,100.0,0.0,8,7,825.3015664051668,0.1576194493429934,14.0,553.8072222222222,interpolation,0 days 00:00:12.479000,12.479,3232.261,0.0
2023-11-25 14:38:52.365,0 days 00:53:52.361000,2213.0,6136.0,-131.0,OnTrack,270.0,11336.0,100.0,0.0,8,7,831.1713888888887,0.158740491911294,14.0,550.9152777777779,interpolation,0 days 00:00:12.579000,12.579,3232.361,0.0
2023-11-25 14:38:52.465,0 days 00:53:52.461000,2184.3288170855744,6217.443659668367,-130.938499991708,OnTrack,271.0,11309.5,100.0,0.0,8,7,836.6410114296668,0.1597851026670286,14.0,548.026388888889,interpolation,0 days 00:00:12.679000,12.679,3232.461,0.0
2023-11-25 14:38:52.565,0 days 00:53:52.561000,2165.439512576132,6295.755859142402,-130.88572017918648,OnTrack,272.0,11283.0,100.0,0.0,8,7,843.2602777777776,0.1610492770722564,14.0,545.1375000000002,car,0 days 00:00:12.779000,12.779,3232.561,0.0
2023-11-25 14:38:52.665,0 days 00:53:52.661000,2153.330451778624,6367.440129045237,-130.89008027707172,OnTrack,272.5,11313.5,100.0,0.0,8,7,852.5790316834978,0.1628290105890366,14.0,540.2708333333335,interpolation,0 days 00:00:12.879000,12.879,3232.661,0.0
2023-11-25 14:38:52.765,0 days 00:53:52.761000,2145.0,6429.0,-131.0,OnTrack,273.0,11344.0,100.0,0.0,8,7,861.4602777777776,0.1645251870848083,14.0,535.4041666666668,interpolation,0 days 00:00:12.979000,12.979,3232.761,0.0
2023-11-25 14:38:52.865,0 days 00:53:52.861000,2140.448157240261,6480.435472006692,-131.21547934797132,OnTrack,273.0,11344.0,100.0,0.0,8,7,866.767020691568,0.1655386904270107,14.0,532.0486111111113,interpolation,0 days 00:00:13.079000,13.079,3232.861,0.0
2023-11-25 14:38:52.965,0 days 00:53:52.961000,2139.599334488348,6525.087309893321,-131.54061645508028,OnTrack,273.0,11344.0,100.0,0.0,8,7,873.5936111111109,0.1668424604265096,14.0,528.6930555555557,car,0 days 00:00:13.179000,13.179,3232.961,0.0
2023-11-25 14:38:53.065,0 days 00:53:53.061000,2142.0,6583.0,-132.0,OnTrack,273.0,11405.0,100.0,0.0,8,7,885.7269444444443,0.1691597337682109,14.0,521.6708333333335,interpolation,0 days 00:00:13.279000,13.279,3233.061,0.0
2023-11-25 14:38:53.165,0 days 00:53:53.161000,2147.574565538186,6657.51427294548,-132.5977280748604,OnTrack,273.3333333333333,11408.333333333334,100.0,0.0,8,7,895.3222488571741,0.1709922840254466,14.0,517.315277777778,interpolation,0 days 00:00:13.379000,13.379,3233.161,0.0
2023-11-25 14:38:53.265,0 days 00:53:53.261000,2156.6290970921787,6749.14706392608,-133.4217761777704,OnTrack,273.6666666666667,11411.666666666666,100.0,0.0,8,7,901.5233531016484,0.172176596131614,14.0,512.9597222222225,interpolation,0 days 00:00:13.479000,13.479,3233.261,0.0
2023-11-25 14:38:53.365,0 days 00:53:53.361000,2171.0,6861.0,-135.0,OnTrack,274.0,11415.0,100.0,0.0,8,7,907.0380555555552,0.173229816432481,14.0,508.60416666666697,interpolation,0 days 00:00:13.579000,13.579,3233.361,0.0
2023-11-25 14:38:53.465,0 days 00:53:53.461000,2190.993343385056,6993.590021657001,-137.42037594053187,OnTrack,274.5,11424.0,100.0,0.0,8,7,912.317658259168,0.1742381364269746,14.0,504.80416666666696,interpolation,0 days 00:00:13.679000,13.679,3233.461,0.0
2023-11-25 14:38:53.565,0 days 00:53:53.561000,2210.0,7112.0,-140.0,OnTrack,275.0,11433.0,100.0,0.0,8,7,919.2602777777776,0.17556406613566,14.0,501.00416666666695,car,0 days 00:00:13.779000,13.779,3233.561,0.0
2023-11-25 14:38:53.665,0 days 00:53:53.661000,2221.41084259749,7181.312806131912,-142.05596817903833,OnTrack,275.5,11446.5,100.0,0.0,8,7,929.7640306766756,0.1775701155791023,14.0,494.19861111111146,interpolation,0 days 00:00:13.879000,13.879,3233.661,0.0
2023-11-25 14:38:53.765,0 days 00:53:53.761000,2226.398643431674,7209.123254669343,-143.633065419865,OnTrack,276.0,11460.0,100.0,0.0,8,7,940.726944444444,0.179663857432516,14.0,487.393055555556,interpolation,0 days 00:00:13.979000,13.979,3233.761,0.0
2023-11-25 14:38:53.865,0 days 00:53:53.861000,2232.0,7241.0,-145.0,OnTrack,276.5,11179.0,100.0,0.0,8,7,949.0470465696644,0.1812528643711154,14.0,482.393055555556,interpolation,0 days 00:00:14.079000,14.079,3233.861,0.0
2023-11-25 14:38:53.965,0 days 00:53:53.961000,2239.3876725474897,7284.537778969981,-146.20155640306598,OnTrack,277.0,10898.0,100.0,0.0,8,7,956.1158333333332,0.1826028900133368,14.0,477.393055555556,interpolation,0 days 00:00:14.179000,14.179,3233.961,0.0
2023-11-25 14:38:54.065,0 days 00:53:54.061000,2250.0,7347.0,-148.0,OnTrack,277.3333333333333,10705.333333333334,100.0,0.0,8,7,963.3248010164468,0.1839796879776169,14.0,472.83009259259296,interpolation,0 days 00:00:14.279000,14.279,3234.061,0.0
2023-11-25 14:38:54.165,0 days 00:53:54.161000,2265.2753212833877,7435.650071510774,-151.15759616173932,OnTrack,277.6666666666667,10512.666666666666,100.0,0.0,8,7,970.6267023926846,0.1853742347965362,14.0,468.26712962963,interpolation,0 days 00:00:14.379000,14.379,3234.161,0.0
2023-11-25 14:38:54.265,0 days 00:53:54.261000,2283.0,7537.0,-155.0,OnTrack,278.0,10320.0,100.0,0.0,8,7,977.7380555555552,0.1867323899427787,14.0,463.704166666667,interpolation,0 days 00:00:14.479000,14.479,3234.261,0.0
2023-11-25 14:38:54.365,0 days 00:53:54.361000,2300.9603997521863,7637.56179196538,-158.85286662649824,OnTrack,278.6666666666667,10325.333333333334,100.0,0.0,8,8,984.611613762547,0.1880451300413249,14.0,459.2967592592596,interpolation,0 days 00:00:14.579000,14.579,3234.361,0.0
2023-11-25 14:38:54.465,0 days 00:53:54.461000,2318.757814971613,7735.633123625907,-162.65064201563615,OnTrack,279.3333333333333,10330.666666666666,100.0,0.0,8,8,991.4552083069756,0.1893521475577439,14.0,454.8893518518522,interpolation,0 days 00:00:14.679000,14.679,3234.461,0.0
2023-11-25 14:38:54.565,0 days 00:53:54.561000,2334.0,7821.0,-166.0,OnTrack,280.0,10336.0,100.0,0.0,8,8,999.515833333333,0.1908915985048067,14.0,450.4819444444448,interpolation,0 days 00:00:14.779000,14.779,3234.561,0.0
2023-11-25 14:38:54.665,0 days 00:53:54.661000,2346.2882451862497,7891.960079874771,-168.83538588271523,OnTrack,281.5,10371.0,100.0,0.0,8,8,1009.0013222631384,0.1927031757545352,14.0,444.925555555556,interpolation,0 days 00:00:14.879000,14.879,3234.661,0.0
2023-11-25 14:38:54.765,0 days 00:53:54.761000,2355.62255053036,7948.513363250217,-171.1567996637818,OnTrack,283.0,10406.0,100.0,0.0,8,8,1018.4611111111108,0.1945098446981228,14.0,439.3691666666671,interpolation,0 days 00:00:14.979000,14.979,3234.761,0.0
2023-11-25 14:38:54.865,0 days 00:53:54.861000,2363.645580609291,7999.559965000555,-173.1498136129575,OnTrack,283.3333333333333,10435.333333333334,100.0,0.0,8,8,1026.4446358919704,0.1960345707267627,14.0,435.24694444444486,interpolation,0 days 00:00:15.079000,15.079,3234.861,0.0
2023-11-25 14:38:54.965,0 days 00:53:54.961000,2372.0,8054.0,-175.0,OnTrack,283.6666666666667,10464.666666666666,100.0,0.0,8,8,1033.2371316623878,0.1973318291915215,14.0,431.1247222222227,interpolation,0 days 00:00:15.179000,15.179,3234.961,0.0
2023-11-25 14:38:55.065,0 days 00:53:55.061000,2380.6858087024884,8111.833468248553,-176.7073588249093,OnTrack,284.0,10494.0,100.0,0.0,8,8,1040.5499999999995,0.1987284705253225,14.0,427.0025000000005,interpolation,0 days 00:00:15.279000,15.279,3235.061,0.0
2023-11-25 14:38:55.165,0 days 00:53:55.161000,2390.0,8187.0,-179.0,OnTrack,284.6666666666667,10504.333333333334,100.0,0.0,8,8,1048.6684730406846,0.2002789695214077,14.0,422.7654629629635,interpolation,0 days 00:00:15.379000,15.379,3235.161,0.0
2023-11-25 14:38:55.265,0 days 00:53:55.261000,2400.2395671757804,8293.439225508137,-182.60603343758655,OnTrack,285.3333333333333,10514.666666666666,100.0,0.0,8,8,1057.4425500732195,0.2019546784339511,14.0,418.5284259259265,interpolation,0 days 00:00:15.479000,15.479,3235.261,0.0
2023-11-25 14:38:55.365,0 days 00:53:55.361000,2409.0,8392.0,-186.0,OnTrack,286.0,10525.0,100.0,0.0,8,8,1065.9722222222215,0.2035837099079347,14.0,414.2913888888895,interpolation,0 days 00:00:15.579000,15.579,3235.361,0.0
2023-11-25 14:38:55.465,0 days 00:53:55.461000,2413.8767882428283,8443.531178702624,-187.6564405495712,OnTrack,286.5,10554.5,100.0,0.0,8,8,1074.1074872404529,0.2051374159041783,14.0,410.56916666666734,interpolation,0 days 00:00:15.679000,15.679,3235.461,0.0
2023-11-25 14:38:55.565,0 days 00:53:55.561000,2415.427774810106,8465.087847748267,-188.15794111816632,OnTrack,287.0,10584.0,100.0,0.0,8,8,1081.916666666666,0.2066288447479908,14.0,406.8469444444452,interpolation,0 days 00:00:15.779000,15.779,3235.561,0.0
2023-11-25 14:38:55.665,0 days 00:53:55.661000,2417.0,8559.0,-191.0,OnTrack,287.3333333333333,10601.333333333334,100.0,0.0,8,8,1089.4680820396145,0.2080710447646815,14.0,403.3469444444452,pos,0 days 00:00:15.879000,15.879,3235.661,0.0
2023-11-25 14:38:55.765,0 days 00:53:55.761000,2419.0,8719.0,-196.0,OnTrack,287.6666666666667,10618.666666666666,100.0,0.0,8,8,1096.8194053384786,0.2094750303833644,14.0,399.8469444444452,interpolation,0 days 00:00:15.979000,15.979,3235.761,0.0
2023-11-25 14:38:55.865,0 days 00:53:55.861000,2420.5199734216367,8805.153282533107,-198.56678105721755,OnTrack,288.0,10636.0,100.0,0.0,8,8,1104.3166666666662,0.2109068878403624,14.0,396.3469444444452,interpolation,0 days 00:00:16.079000,16.079,3235.861,0.0
2023-11-25 14:38:55.965,0 days 00:53:55.961000,2421.2235154919367,8817.476200156121,-198.5901428631686,OnTrack,288.6666666666667,10652.333333333334,100.0,0.0,8,8,1112.0175374127991,0.2123776314520026,14.0,393.44324074074143,interpolation,0 days 00:00:16.179000,16.179,3235.961,0.0
2023-11-25 14:38:56.065,0 days 00:53:56.061000,2420.0,8896.0,-200.0,OnTrack,289.3333333333333,10668.666666666666,100.0,0.0,8,8,1119.7933641341633,0.2138626904606102,14.0,390.5395370370377,interpolation,0 days 00:00:16.279000,16.279,3236.061,0.0
2023-11-25 14:38:56.165,0 days 00:53:56.161000,2416.6643235250763,9064.063103760112,-203.4513348778816,OnTrack,290.0,10685.0,100.0,0.0,8,8,1126.8722222222218,0.2152146395653199,14.0,387.635833333334,interpolation,0 days 00:00:16.379000,16.379,3236.161,0.0
2023-11-25 14:38:56.265,0 days 00:53:56.261000,2413.0,9239.0,-207.0,OnTrack,290.25,10690.0,100.0,0.0,8,8,1133.1254569168425,0.2164089077568511,14.0,384.810833333334,interpolation,0 days 00:00:16.479000,16.479,3236.261,0.0
2023-11-25 14:38:56.365,0 days 00:53:56.361000,2410.790543357607,9338.145177283212,-208.701847869542,OnTrack,290.5,10695.0,100.0,0.0,8,8,1138.5530682180251,0.2174454950352039,14.0,381.9858333333341,interpolation,0 days 00:00:16.579000,16.579,3236.361,0.0
2023-11-25 14:38:56.465,0 days 00:53:56.461000,2410.0359535978982,9361.49863560975,-208.55687848650751,OnTrack,290.75,10700.0,100.0,0.0,8,8,1145.4152565213062,0.2187560636633023,14.0,379.16083333333415,interpolation,0 days 00:00:16.679000,16.679,3236.461,0.0
2023-11-25 14:38:56.565,0 days 00:53:56.561000,2409.263387039239,9366.10277613141,-207.88346986021924,OnTrack,291.0,10705.0,100.0,0.0,8,8,1155.9722222222215,0.2207722759040704,14.0,376.3358333333342,interpolation,0 days 00:00:16.779000,16.779,3236.561,0.0
2023-11-25 14:38:56.665,0 days 00:53:56.661000,2407.0,9409.0,-208.0,OnTrack,292.0,10750.0,100.0,0.0,8,8,1168.9499999999996,0.2232508246798095,14.0,372.1580555555563,interpolation,0 days 00:00:16.879000,16.879,3236.661,0.0
2023-11-25 14:38:56.765,0 days 00:53:56.761000,2403.2457924801784,9490.190307215513,-208.9064689058497,OnTrack,292.0,10759.5,100.0,0.0,8,8,1176.7047587936577,0.2247318600499085,14.0,370.0691666666672,interpolation,0 days 00:00:16.979000,16.979,3236.761,0.0
2023-11-25 14:38:56.865,0 days 00:53:56.861000,2399.0,9582.0,-210.0,OnTrack,292.0,10769.0,100.0,0.0,8,8,1181.9277777777777,0.2257293734555486,14.0,367.98027777777816,interpolation,0 days 00:00:17.079000,17.079,3236.861,0.0
2023-11-25 14:38:56.965,0 days 00:53:56.961000,2395.2618580796884,9656.755380575514,-210.67771670468267,OnTrack,292.5,10774.0,100.0,0.0,8,8,1188.5843144931837,0.2270006659070871,14.0,365.7025000000005,interpolation,0 days 00:00:17.179000,17.179,3236.961,0.0
2023-11-25 14:38:57.065,0 days 00:53:57.061000,2390.0,9744.0,-211.0,OnTrack,293.0,10779.0,100.0,0.0,8,8,1198.2055555555553,0.2288381696511461,14.0,363.4247222222227,interpolation,0 days 00:00:17.279000,17.279,3237.061,0.0
2023-11-25 14:38:57.165,0 days 00:53:57.161000,2381.1830590416907,9873.277409331407,-211.02723086605425,OnTrack,294.0,10783.0,100.0,0.0,8,8,1211.272222222222,0.2313336947883628,14.0,359.73583333333386,interpolation,0 days 00:00:17.379000,17.379,3237.161,0.0
2023-11-25 14:38:57.265,0 days 00:53:57.261000,2372.0,10004.0,-211.0,OnTrack,294.0,10793.0,100.0,0.0,8,8,1221.4815546132704,0.2332835146059186,14.0,358.03583333333387,interpolation,0 days 00:00:17.479000,17.479,3237.261,0.0
2023-11-25 14:38:57.365,0 days 00:53:57.361000,2365.6397876701667,10095.580163436043,-211.15889809899195,OnTrack,294.0,10803.0,100.0,0.0,8,8,1227.783098127061,0.2344870090121887,14.0,356.3358333333339,interpolation,0 days 00:00:17.579000,17.579,3237.361,0.0
2023-11-25 14:38:57.465,0 days 00:53:57.461000,2362.1024220521904,10148.017899639544,-211.50392516303,OnTrack,294.0,10813.0,100.0,0.0,8,8,1233.179203688432,0.2355175791962303,14.0,354.6358333333339,interpolation,0 days 00:00:17.679000,17.679,3237.461,0.0
2023-11-25 14:38:57.565,0 days 00:53:57.561000,2360.650803908148,10170.73418540449,-211.96884971501424,OnTrack,294.0,10823.0,100.0,0.0,8,8,1240.6722222222218,0.2369486263471004,14.0,352.9358333333339,interpolation,0 days 00:00:17.779000,17.779,3237.561,0.0
2023-11-25 14:38:57.665,0 days 00:53:57.661000,2356.8623604541062,10220.254592083413,-212.15628492696857,OnTrack,294.0,10770.5,100.0,0.0,8,8,1250.2621537284303,0.2387801504647992,14.0,350.7691666666673,interpolation,0 days 00:00:17.879000,17.879,3237.661,0.0
2023-11-25 14:38:57.765,0 days 00:53:57.761000,2350.0,10306.0,-212.0,OnTrack,294.0,10718.0,100.0,0.0,8,8,1260.2722222222217,0.2406919140529255,14.0,348.60250000000065,interpolation,0 days 00:00:17.979000,17.979,3237.761,0.0
2023-11-25 14:38:57.865,0 days 00:53:57.861000,2340.063722545829,10427.970409154252,-211.4999949341084,OnTrack,294.0,10766.0,100.0,0.0,8,8,1269.0256517187613,0.2423636796150788,14.0,346.85250000000053,interpolation,0 days 00:00:18.079000,18.079,3237.861,0.0
2023-11-25 14:38:57.965,0 days 00:53:57.961000,2330.0,10550.0,-211.0,OnTrack,294.0,10814.0,100.0,0.0,8,8,1276.6055555555552,0.2438113204744465,14.0,345.1025000000004,pos,0 days 00:00:18.179000,18.179,3237.961,0.0
2023-11-25 14:38:58.065,0 days 00:53:58.061000,2322.755304270921,10635.922952991084,-210.8437454683813,OnTrack,293.75,10802.75,100.0,0.0,8,8,1283.0950470701096,0.2450507099542163,14.0,343.8358333333338,interpolation,0 days 00:00:18.279000,18.279,3238.061,0.0
2023-11-25 14:38:58.165,0 days 00:53:58.161000,2317.69374504776,10692.578297536946,-210.9687358356445,OnTrack,293.5,10791.5,100.0,0.0,8,8,1288.494126262425,0.2460818480543883,14.0,342.56916666666723,interpolation,0 days 00:00:18.379000,18.379,3238.161,0.0
2023-11-25 14:38:58.265,0 days 00:53:58.261000,2311.0,10761.0,-211.0,OnTrack,293.25,10780.25,100.0,0.0,8,8,1294.4600312124164,0.2472212408428283,14.0,341.30250000000063,interpolation,0 days 00:00:18.479000,18.479,3238.261,0.0
2023-11-25 14:38:58.365,0 days 00:53:58.361000,2302.038185328294,10848.027019758396,-210.8750430977909,OnTrack,293.0,10769.0,100.0,0.0,8,8,1302.6499999999994,0.2487853943874023,14.0,340.03583333333404,interpolation,0 days 00:00:18.579000,18.579,3238.361,0.0
2023-11-25 14:38:58.465,0 days 00:53:58.461000,2291.2182610651903,10949.0041492396,-210.5764800668385,OnTrack,279.5,10299.0,51.5,0.0,8,8,1313.0640326251732,0.2507743086881102,14.0,339.2969444444452,interpolation,0 days 00:00:18.679000,18.679,3238.461,0.0
2023-11-25 14:38:58.565,0 days 00:53:58.561000,2281.0,11036.0,-210.0,OnTrack,266.0,9829.0,3.0,0.0,8,8,1323.3388888888885,0.2527366425213288,14.0,338.5580555555564,interpolation,0 days 00:00:18.779000,18.779,3238.561,0.0
2023-11-25 14:38:58.665,0 days 00:53:58.661000,2271.7933663632875,11104.359316797503,-209.1282176570728,OnTrack,254.0,9520.0,2.25,1.0,8,8,1331.1113285920935,0.2542210546634347,14.0,339.4830555555564,interpolation,0 days 00:00:18.879000,18.879,3238.661,0.0
2023-11-25 14:38:58.765,0 days 00:53:58.761000,2263.5983601550506,11154.082099632104,-207.9611330380569,OnTrack,242.0,9211.0,1.5000000000000002,1.0,8,8,1336.3813517347896,0.2552275451144279,14.0,340.4080555555564,interpolation,0 days 00:00:18.979000,18.979,3238.761,0.0
2023-11-25 14:38:58.865,0 days 00:53:58.861000,2255.1041738692884,11196.263832650657,-206.81348190001253,OnTrack,230.0,8902.0,0.75,1.0,8,8,1340.5801434545351,0.256029447431971,14.0,341.3330555555564,interpolation,0 days 00:00:19.079000,19.079,3238.861,0.0
2023-11-25 14:38:58.965,0 days 00:53:58.961000,2245.0,11242.0,-206.0,OnTrack,218.0,8593.0,0.0,1.0,8,8,1345.1388888888882,0.2569000951737261,14.0,342.25805555555644,interpolation,0 days 00:00:19.179000,19.179,3238.961,0.0
2023-11-25 14:38:59.065,0 days 00:53:59.061000,2233.285838547184,11291.29060168014,-205.5206873380193,OnTrack,205.25,8605.0,0.0,1.0,8,8,1350.05758803785,0.2578394883396935,14.0,345.18472222222306,interpolation,0 days 00:00:19.279000,19.279,3239.061,0.0
2023-11-25 14:38:59.165,0 days 00:53:59.161000,2219.0,11343.0,-205.0,OnTrack,192.5,8617.0,0.0,1.0,8,8,1355.3362409014203,0.2588476269298732,14.0,348.1113888888897,interpolation,0 days 00:00:19.379000,19.379,3239.161,0.0
2023-11-25 14:38:59.265,0 days 00:53:59.261000,2201.180794847606,11395.992557268524,-204.0623940718719,OnTrack,179.75,8629.0,0.0,1.0,8,8,1360.60739831428,0.2598543340083949,14.0,351.0380555555563,interpolation,0 days 00:00:19.479000,19.479,3239.261,0.0
2023-11-25 14:38:59.365,0 days 00:53:59.361000,2180.9457508236865,11448.287472429976,-202.8260447964173,OnTrack,167.0,8641.0,0.0,1.0,8,8,1365.5036111111106,0.2607894326393888,14.0,353.9647222222229,interpolation,0 days 00:00:19.579000,19.579,3239.361,0.0
2023-11-25 14:38:59.465,0 days 00:53:59.461000,2165.0,11488.0,-202.0,OnTrack,162.5,8889.75,0.0,1.0,8,8,1370.024879291912,0.2616529228228547,14.0,357.32583333333406,interpolation,0 days 00:00:19.679000,19.679,3239.461,0.0
2023-11-25 14:38:59.565,0 days 00:53:59.561000,2154.461058666806,11513.149359206169,-201.702433715294,OnTrack,158.0,9138.5,0.0,1.0,8,8,1374.171202856684,0.2624448045587927,14.0,360.6869444444452,interpolation,0 days 00:00:19.779000,19.779,3239.561,0.0
2023-11-25 14:38:59.665,0 days 00:53:59.661000,2147.2618667161487,11527.317918650955,-201.856375462691,OnTrack,153.5,9387.25,0.0,1.0,8,8,1378.1226194375583,0.2631994621663325,14.0,364.0480555555564,interpolation,0 days 00:00:19.879000,19.879,3239.661,0.0
2023-11-25 14:38:59.765,0 days 00:53:59.761000,2131.0,11552.0,-202.0,OnTrack,149.0,9636.0,0.0,1.0,8,8,1382.0591666666662,0.2639512799646039,14.0,367.4091666666675,interpolation,0 days 00:00:19.979000,19.979,3239.761,0.0
2023-11-25 14:38:59.865,0 days 00:53:59.861000,2103.6083772436023,11590.778008539424,-202.0563360594309,OnTrack,142.5,9602.5,0.0,1.0,8,6,1385.980844544008,0.2647002579536069,14.0,371.24250000000086,interpolation,0 days 00:00:20.079000,20.079,3239.861,0.0
2023-11-25 14:38:59.965,0 days 00:53:59.961000,2075.0,11630.0,-202.0,OnTrack,136.0,9569.0,0.0,1.0,8,6,1389.6147222222216,0.2653942706902054,14.0,375.07583333333423,interpolation,0 days 00:00:20.179000,20.179,3239.961,0.0
2023-11-25 14:39:00.065,0 days 00:54:00.061000,2055.087869822238,11656.01403011251,-201.80560818072385,OnTrack,133.66666666666666,9338.666666666666,0.0,1.0,8,4,1392.6878688539452,0.2659811927312629,14.0,378.3647222222231,interpolation,0 days 00:00:20.279000,20.279,3240.061,0.0
2023-11-25 14:39:00.165,0 days 00:54:00.161000,2040.2772688110304,11671.88475308279,-201.583976839561,OnTrack,131.33333333333334,9108.333333333334,0.0,1.0,8,4,1395.318368536049,0.2664835762578036,14.0,381.653611111112,interpolation,0 days 00:00:20.379000,20.379,3240.161,0.0
2023-11-25 14:39:00.265,0 days 00:54:00.261000,2009.0,11696.0,-202.0,OnTrack,129.0,8878.0,0.0,1.0,8,4,1398.2147222222216,0.2670367336631695,14.0,384.9425000000008,interpolation,0 days 00:00:20.479000,20.479,3240.261,0.0
2023-11-25 14:39:00.365,0 days 00:54:00.361000,1963.0,11728.0,-203.0,OnTrack,126.0,8664.25,0.0,1.0,8,3,1401.4950128001572,0.2676632168974511,14.0,389.9841666666675,interpolation,0 days 00:00:20.579000,20.579,3240.361,0.0
2023-11-25 14:39:00.465,0 days 00:54:00.461000,1934.30881101176,11747.338496151327,-203.59702530127896,OnTrack,123.0,8450.5,0.0,1.0,8,3,1405.1592402698566,0.2683630259606487,14.0,395.02583333333416,interpolation,0 days 00:00:20.679000,20.679,3240.461,0.0
2023-11-25 14:39:00.565,0 days 00:54:00.561000,1923.2795840327944,11752.9513711055,-203.7278431058227,OnTrack,120.0,8236.75,0.0,1.0,8,3,1408.9262087157383,0.2690824569132865,14.0,400.0675000000009,interpolation,0 days 00:00:20.779000,20.779,3240.561,0.0
2023-11-25 14:39:00.665,0 days 00:54:00.661000,1900.0,11759.0,-204.0,OnTrack,117.0,8023.0,0.0,1.0,8,3,1412.5147222222215,0.2697678058158888,14.0,405.10916666666753,interpolation,0 days 00:00:20.879000,20.879,3240.661,0.0
2023-11-25 14:39:00.765,0 days 00:54:00.761000,1859.4846979279964,11767.844599940065,-204.51475322976688,OnTrack,115.5,7884.5,0.0,1.0,8,3,1415.924780789306,0.2704190726684557,14.0,410.053611111112,interpolation,0 days 00:00:20.979000,20.979,3240.761,0.0
2023-11-25 14:39:00.865,0 days 00:54:00.861000,1816.0,11775.0,-205.0,OnTrack,114.0,7746.0,0.0,1.0,8,3,1419.1563844169916,0.2710362574709871,14.0,414.9980555555565,interpolation,0 days 00:00:21.079000,21.079,3240.861,0.0
2023-11-25 14:39:00.965,0 days 00:54:00.961000,1783.8122283992288,11775.981029254131,-205.18363751557612,OnTrack,112.5,7607.5,0.0,1.0,8,3,1422.1504902806253,0.2716080839847258,14.0,419.9425000000009,interpolation,0 days 00:00:21.179000,21.179,3240.961,0.0
2023-11-25 14:39:01.065,0 days 00:54:01.061000,1761.4405588269842,11771.407688325628,-205.10498955529664,OnTrack,111.0,7469.0,0.0,1.0,8,3,1424.8480555555548,0.2721232759709148,14.0,424.88694444444536,interpolation,0 days 00:00:21.279000,21.279,3241.061,0.0
2023-11-25 14:39:01.165,0 days 00:54:01.161000,1740.0,11765.0,-205.0,OnTrack,108.66666666666669,7467.0,4.0,0.0,8,3,1427.2490802417788,0.2725818334295538,14.0,429.0821296296306,interpolation,0 days 00:00:21.379000,21.379,3241.161,0.0
2023-11-25 14:39:01.265,0 days 00:54:01.261000,1718.0097124558597,11757.377971249269,-204.90799303116503,OnTrack,106.33333333333331,7465.0,8.0,0.0,8,3,1429.4256496409864,0.2729975235047033,14.0,433.2773148148158,interpolation,0 days 00:00:21.479000,21.479,3241.261,0.0
2023-11-25 14:39:01.365,0 days 00:54:01.361000,1694.0,11747.0,-205.0,OnTrack,104.0,7463.0,12.0,0.0,8,3,1431.810277777777,0.2734529494836529,14.0,437.472500000001,interpolation,0 days 00:00:21.579000,21.579,3241.361,0.0
2023-11-25 14:39:01.465,0 days 00:54:01.461000,1666.5011664378585,11732.32448417877,-205.44705225771293,OnTrack,103.5,7629.0,27.5,0.0,8,3,1434.475050691995,0.273961878651439,14.0,442.7780555555565,interpolation,0 days 00:00:21.679000,21.679,3241.461,0.0
2023-11-25 14:39:01.565,0 days 00:54:01.561000,1636.0,11713.0,-206.0,OnTrack,103.0,7795.0,43.0,0.0,8,3,1437.5324999999991,0.2745458027537776,14.0,448.0836111111121,interpolation,0 days 00:00:21.779000,21.779,3241.561,0.0
2023-11-25 14:39:01.665,0 days 00:54:01.661000,1602.983288916991,11688.675123678113,-206.40969342255744,OnTrack,105.0,8070.5,47.5,0.0,8,3,1441.0951573181478,0.2752262135363844,14.0,454.383611111112,interpolation,0 days 00:00:21.879000,21.879,3241.661,0.0
2023-11-25 14:39:01.765,0 days 00:54:01.761000,1568.5173442934356,11660.236058837452,-206.6984306783312,OnTrack,107.0,8346.0,52.0,0.0,8,3,1444.6658333333326,0.2759081557623602,14.0,460.683611111112,interpolation,0 days 00:00:21.979000,21.979,3241.761,0.0
2023-11-25 14:39:01.865,0 days 00:54:01.861000,1539.0,11633.0,-207.0,OnTrack,109.25,8519.0,54.25,0.0,8,3,1447.7473387324462,0.2764966741948059,14.0,465.283611111112,interpolation,0 days 00:00:22.079000,22.079,3241.861,0.0
2023-11-25 14:39:01.965,0 days 00:54:01.961000,1515.4975562223194,11607.853141715415,-207.33669931217796,OnTrack,111.5,8692.0,56.5,0.0,8,3,1450.3396735154888,0.2769917688337215,14.0,469.883611111112,interpolation,0 days 00:00:22.179000,22.179,3241.961,0.0
2023-11-25 14:39:02.065,0 days 00:54:02.061000,1498.010012960394,11584.795483983704,-207.708528614865,OnTrack,113.75,8865.0,58.75,0.0,8,3,1452.9950882074531,0.2774989107301653,14.0,474.48361111111205,interpolation,0 days 00:00:22.279000,22.279,3242.061,0.0
2023-11-25 14:39:02.165,0 days 00:54:02.161000,1484.2674632182711,11564.34008426014,-208.22609361011956,OnTrack,116.0,9038.0,61.0,0.0,8,3,1456.2658333333325,0.2781235709351954,14.0,479.0836111111121,interpolation,0 days 00:00:22.379000,22.379,3242.161,0.0
2023-11-25 14:39:02.265,0 days 00:54:02.261000,1472.0,11547.0,-209.0,OnTrack,117.5,9347.0,71.0,0.0,8,3,1460.1519088931268,0.2788657494488121,14.0,485.1836111111121,interpolation,0 days 00:00:22.479000,22.479,3242.261,0.0
2023-11-25 14:39:02.365,0 days 00:54:02.361000,1460.0,11530.0,-210.0,OnTrack,119.0,9656.0,81.0,0.0,8,3,1464.199166666666,0.279638711197077,14.0,491.2836111111121,interpolation,0 days 00:00:22.579000,22.579,3242.361,0.0
2023-11-25 14:39:02.465,0 days 00:54:02.461000,1441.0217604828526,11496.688782295225,-211.04460783229,OnTrack,124.25,9918.5,83.0,0.0,8,3,1467.95345843378,0.2803557211060525,14.0,495.4086111111121,interpolation,0 days 00:00:22.679000,22.679,3242.461,0.0
2023-11-25 14:39:02.565,0 days 00:54:02.561000,1421.0,11459.0,-212.0,OnTrack,129.5,10181.0,85.0,0.0,8,3,1471.4147841944696,0.2810167791757385,14.0,499.5336111111121,interpolation,0 days 00:00:22.779000,22.779,3242.561,0.0
2023-11-25 14:39:02.665,0 days 00:54:02.661000,1407.0770480424649,11431.64250901373,-212.7626004810309,OnTrack,134.75,10443.5,87.0,0.0,8,3,1474.768301191257,0.2816572474892768,14.0,503.6586111111121,interpolation,0 days 00:00:22.879000,22.879,3242.661,0.0
2023-11-25 14:39:02.765,0 days 00:54:02.761000,1398.1942821409,11412.402812784589,-213.3646953430236,OnTrack,140.0,10706.0,89.0,0.0,8,3,1478.199166666666,0.2823124881298093,14.0,507.7836111111121,interpolation,0 days 00:00:22.979000,22.979,3242.761,0.0
2023-11-25 14:39:02.865,0 days 00:54:02.861000,1388.0,11388.0,-214.0,OnTrack,145.0,11035.5,94.5,0.0,8,3,1481.707380620696,0.2829825010973361,14.0,512.1169444444455,interpolation,0 days 00:00:23.079000,23.079,3242.861,0.0
2023-11-25 14:39:02.965,0 days 00:54:02.961000,1375.4355899906568,11356.220596774234,-214.70080018899355,OnTrack,150.0,11365.0,100.0,0.0,8,3,1486.5324999999991,0.2839040220183403,14.0,516.4502777777789,interpolation,0 days 00:00:23.179000,23.179,3242.961,0.0
2023-11-25 14:39:03.065,0 days 00:54:03.061000,1360.812563675503,11317.67215447804,-215.5449970704304,OnTrack,155.0,12184.0,100.0,0.0,8,3,1493.421388888888,0.2852196900328594,14.0,523.1613888888899,interpolation,0 days 00:00:23.279000,23.279,3243.061,0.0
2023-11-25 14:39:03.165,0 days 00:54:03.161000,1346.0,11276.0,-217.0,OnTrack,159.75,11994.75,100.0,0.0,8,3,1499.4178749777489,0.2863649233315627,14.0,526.9669444444454,interpolation,0 days 00:00:23.379000,23.379,3243.161,0.0
2023-11-25 14:39:03.265,0 days 00:54:03.261000,1330.0,11228.0,-219.0,OnTrack,164.5,11805.5,100.0,0.0,8,3,1504.0292603590422,0.2872456244644513,14.0,530.772500000001,interpolation,0 days 00:00:23.479000,23.479,3243.261,0.0
2023-11-25 14:39:03.365,0 days 00:54:03.361000,1304.956041150131,11150.801891789197,-220.68272704057256,OnTrack,169.25,11616.25,100.0,0.0,8,3,1508.1700433385915,0.2880364480368919,14.0,534.5780555555565,interpolation,0 days 00:00:23.579000,23.579,3243.361,0.0
2023-11-25 14:39:03.465,0 days 00:54:03.461000,1279.0,11070.0,-222.0,OnTrack,174.0,11427.0,100.0,0.0,8,3,1512.7547222222213,0.2889120486542515,14.0,538.383611111112,interpolation,0 days 00:00:23.679000,23.679,3243.461,0.0
2023-11-25 14:39:03.565,0 days 00:54:03.561000,1261.573180224353,11015.000379228946,-223.04735016401227,OnTrack,177.8,11459.0,100.0,0.0,8,4,1517.783297009931,0.2898724263165299,14.0,541.6102777777787,interpolation,0 days 00:00:23.779000,23.779,3243.561,0.0
2023-11-25 14:39:03.665,0 days 00:54:03.661000,1252.6755818231904,10985.803029476036,-223.82477753260943,OnTrack,181.6,11491.0,100.0,0.0,8,4,1523.2557677017217,0.2909175810237272,14.0,544.8369444444454,interpolation,0 days 00:00:23.879000,23.879,3243.661,0.0
2023-11-25 14:39:03.765,0 days 00:54:03.761000,1245.4401925104326,10961.454164985103,-224.43981613490183,OnTrack,185.4,11523.0,100.0,0.0,8,4,1529.018193681213,0.2920181125709087,14.0,548.0636111111121,interpolation,0 days 00:00:23.979000,23.979,3243.761,0.0
2023-11-25 14:39:03.865,0 days 00:54:03.861000,1233.0,10921.0,-225.0,OnTrack,189.2,11555.0,100.0,0.0,8,4,1534.1469359791697,0.2929976206316375,14.0,551.2902777777788,interpolation,0 days 00:00:24.079000,24.079,3243.861,0.0
2023-11-25 14:39:03.965,0 days 00:54:03.961000,1215.3550042918926,10864.440534520716,-225.5053291279038,OnTrack,193.0,11587.0,100.0,0.0,8,4,1538.4880555555546,0.2938267053020355,14.0,554.5169444444455,interpolation,0 days 00:00:24.179000,24.179,3243.961,0.0
2023-11-25 14:39:04.065,0 days 00:54:04.061000,1197.0,10806.0,-226.0,OnTrack,196.5,11256.5,100.0,0.0,8,4,1542.0415524103691,0.2945053665821026,14.0,557.0502777777789,interpolation,0 days 00:00:24.279000,24.279,3244.061,0.0
2023-11-25 14:39:04.165,0 days 00:54:04.161000,1182.4297817382128,10759.902627890604,-226.5282090976756,OnTrack,200.0,10926.0,100.0,0.0,8,4,1547.3769444444436,0.295524341449802,14.0,559.5836111111123,interpolation,0 days 00:00:24.379000,24.379,3244.161,0.0
2023-11-25 14:39:04.265,0 days 00:54:04.261000,1170.1283876471475,10721.177616170058,-227.1249294160262,OnTrack,200.0,11237.0,100.0,0.0,8,5,1556.2658333333325,0.2972219775975684,14.0,564.6947222222234,interpolation,0 days 00:00:24.479000,24.479,3244.261,0.0
2023-11-25 14:39:04.365,0 days 00:54:04.361000,1151.0,10660.0,-228.0,OnTrack,204.0,11196.8,100.0,0.0,8,5,1563.9206972133154,0.2986839346308187,14.0,567.04138888889,interpolation,0 days 00:00:24.579000,24.579,3244.361,0.0
2023-11-25 14:39:04.465,0 days 00:54:04.461000,1123.5286414138584,10571.398926456688,-229.188394202818,OnTrack,208.0,11156.6,100.0,0.0,8,5,1569.5436116884134,0.2997578217035503,14.0,569.3880555555565,interpolation,0 days 00:00:24.679000,24.679,3244.461,0.0
2023-11-25 14:39:04.565,0 days 00:54:04.561000,1098.0,10489.0,-230.0,OnTrack,212.0,11116.4,100.0,0.0,8,5,1573.4919407638968,0.3005118896467548,14.0,571.7347222222231,interpolation,0 days 00:00:24.779000,24.779,3244.561,0.0
2023-11-25 14:39:04.665,0 days 00:54:04.661000,1084.699763869703,10446.428825089815,-229.7447053670657,OnTrack,216.0,11076.2,100.0,0.0,8,5,1577.9098574932054,0.3013556413497232,14.0,574.0813888888897,interpolation,0 days 00:00:24.879000,24.879,3244.661,0.0
2023-11-25 14:39:04.765,0 days 00:54:04.761000,1076.0,10419.0,-229.0,OnTrack,220.0,11036.0,100.0,0.0,8,5,1583.1547222222214,0.3023573269445621,14.0,576.4280555555563,interpolation,0 days 00:00:24.979000,24.979,3244.761,0.0
2023-11-25 14:39:04.865,0 days 00:54:04.861000,1064.2727753679253,10382.028123004417,-228.3433735947877,OnTrack,222.5,10879.0,100.0,0.0,8,5,1589.2265349509448,0.3035169464312715,14.0,578.9836111111119,interpolation,0 days 00:00:25.079000,25.079,3244.861,0.0
2023-11-25 14:39:04.965,0 days 00:54:04.961000,1049.518089973479,10335.51319410307,-227.77482615142887,OnTrack,225.0,10722.0,100.0,0.0,8,5,1595.6547222222214,0.3047446277773588,14.0,581.5391666666676,interpolation,0 days 00:00:25.179000,25.179,3244.961,0.0
2023-11-25 14:39:05.065,0 days 00:54:05.061000,1030.004359592293,10273.741668150187,-227.0688656323556,OnTrack,227.5,10812.0,100.0,0.0,8,5,1601.9687105788971,0.3059504989503316,14.0,583.9836111111122,interpolation,0 days 00:00:25.279000,25.279,3245.061,0.0
2023-11-25 14:39:05.165,0 days 00:54:05.161000,1004.0,10191.0,-226.0,OnTrack,230.0,10902.0,100.0,0.0,8,5,1608.4324999999992,0.3071849797397731,14.0,586.4280555555567,interpolation,0 days 00:00:25.379000,25.379,3245.161,0.0
2023-11-25 14:39:05.265,0 days 00:54:05.261000,971.5050111966,10087.288189652509,-224.5682292543621,OnTrack,232.66666666666663,10938.0,100.0,0.0,8,6,1615.3100904645544,0.3084984899352664,14.0,588.8280555555567,interpolation,0 days 00:00:25.479000,25.479,3245.261,0.0
2023-11-25 14:39:05.365,0 days 00:54:05.361000,938.0,9981.0,-223.0,OnTrack,235.33333333333331,10974.0,100.0,0.0,8,6,1622.5216351479671,0.3098757800655434,14.0,591.2280555555566,interpolation,0 days 00:00:25.579000,25.579,3245.361,0.0
2023-11-25 14:39:05.465,0 days 00:54:05.461000,908.9655732281068,9890.529193934775,-221.5217588414717,OnTrack,238.0,11010.0,100.0,0.0,8,6,1629.5880555555548,0.3112253537714574,14.0,593.6280555555566,interpolation,0 days 00:00:25.679000,25.679,3245.461,0.0
2023-11-25 14:39:05.565,0 days 00:54:05.561000,884.7007904618802,9816.426914164043,-220.1518124177174,OnTrack,240.0,11238.0,100.0,0.0,8,6,1636.429505680349,0.312531961737894,14.0,595.8225000000009,interpolation,0 days 00:00:25.779000,25.779,3245.561,0.0
2023-11-25 14:39:05.665,0 days 00:54:05.661000,867.0,9762.0,-219.0,OnTrack,242.0,11466.0,100.0,0.0,8,6,1643.0324999999991,0.3137930284449541,14.0,598.0169444444452,interpolation,0 days 00:00:25.879000,25.879,3245.661,0.0
2023-11-25 14:39:05.765,0 days 00:54:05.761000,856.162258361072,9727.79958850618,-218.0846280398008,OnTrack,244.0,11309.666666666666,100.0,0.0,8,6,1649.3835529921548,0.3150059783727388,14.0,599.9027777777787,interpolation,0 days 00:00:25.979000,25.979,3245.761,0.0
2023-11-25 14:39:05.865,0 days 00:54:05.861000,852.187565545096,9713.825679682588,-217.40569653711972,OnTrack,246.0,11153.333333333334,100.0,0.0,8,6,1655.5851826408882,0.3161903908227482,14.0,601.7886111111122,interpolation,0 days 00:00:26.079000,26.079,3245.861,0.0
2023-11-25 14:39:05.965,0 days 00:54:05.961000,855.075921552072,9720.07827352922,-216.9632054919568,OnTrack,248.0,10997.0,100.0,0.0,8,6,1662.2524999999991,0.3174637422054622,14.0,603.6744444444457,car,0 days 00:00:26.179000,26.179,3245.961,0.0
2023-11-25 14:39:06.065,0 days 00:54:06.061000,851.0585172141431,9707.202362147136,-216.5288910041368,OnTrack,249.66666666666663,10874.0,100.0,0.0,8,6,1669.4880241033504,0.3188456120228743,14.0,605.7188888888902,interpolation,0 days 00:00:26.279000,26.279,3246.061,0.0
2023-11-25 14:39:06.165,0 days 00:54:06.161000,826.3665433634523,9635.842937637392,-215.8744891734845,OnTrack,251.33333333333331,10751.0,100.0,0.0,8,6,1677.1892764173842,0.3203164285079038,14.0,607.7633333333347,interpolation,0 days 00:00:26.379000,26.379,3246.161,0.0
2023-11-25 14:39:06.265,0 days 00:54:06.261000,781.0,9506.0,-215.0,OnTrack,253.0,10628.0,100.0,0.0,8,6,1684.741388888888,0.3217587616593115,14.0,609.8077777777792,interpolation,0 days 00:00:26.479000,26.479,3246.261,0.0
2023-11-25 14:39:06.365,0 days 00:54:06.361000,720.0,9332.0,-214.0,OnTrack,254.5,10725.5,100.0,0.0,8,7,1692.0418840336793,0.3231530399104305,14.0,611.6411111111123,interpolation,0 days 00:00:26.579000,26.579,3246.361,0.0
2023-11-25 14:39:06.465,0 days 00:54:06.461000,673.6130657582803,9199.801202120658,-213.4419453660049,OnTrack,256.0,10823.0,100.0,0.0,8,7,1698.9636111111104,0.3244749794957379,14.0,613.4744444444455,interpolation,0 days 00:00:26.679000,26.679,3246.461,0.0
2023-11-25 14:39:06.565,0 days 00:54:06.561000,646.8802585303237,9123.729910424918,-213.4204116458728,OnTrack,257.75,10887.0,100.0,0.0,14,7,1705.3794193805345,0.3257002966497107,14.0,615.1411111111121,interpolation,0 days 00:00:26.779000,26.779,3246.561,1.0
2023-11-25 14:39:06.665,0 days 00:54:06.661000,637.1373252717881,9096.174913190844,-213.8324018227349,OnTrack,259.5,10951.0,100.0,0.0,14,7,1711.2893088419514,0.3268289913723488,14.0,616.8077777777787,interpolation,0 days 00:00:26.879000,26.879,3246.661,1.0
2023-11-25 14:39:06.765,0 days 00:54:06.761000,628.3986658704911,9071.468706269585,-214.05993063129856,OnTrack,261.25,11015.0,100.0,0.0,14,7,1718.3419049935032,0.3281759248656271,14.0,618.4744444444453,interpolation,0 days 00:00:26.979000,26.979,3246.761,1.0
2023-11-25 14:39:06.865,0 days 00:54:06.861000,618.0,9042.0,-214.0,OnTrack,263.0,11079.0,100.0,0.0,14,7,1728.1858333333323,0.3300559583315202,14.0,620.141111111112,interpolation,0 days 00:00:27.079000,27.079,3246.861,1.0
2023-11-25 14:39:06.965,0 days 00:54:06.961000,605.9413276603145,9007.768794382086,-213.6526099288392,OnTrack,269.0,11184.0,100.0,0.0,12,7,1740.141388888888,0.3323392789502661,14.0,622.585555555557,interpolation,0 days 00:00:27.179000,27.179,3246.961,1.0
2023-11-25 14:39:07.065,0 days 00:54:07.061000,592.222648851435,8968.775089415843,-213.0177604178161,OnTrack,270.2,11248.8,100.0,0.0,12,7,1750.1303627053312,0.3342470137911284,14.0,623.7833333333347,interpolation,0 days 00:00:27.279000,27.279,3247.061,1.0
2023-11-25 14:39:07.165,0 days 00:54:07.161000,572.142645616838,8911.39383974168,-212.62403069788505,OnTrack,271.4,11313.6,100.0,0.0,12,7,1757.4730567702538,0.3356493513636213,14.0,624.9811111111125,interpolation,0 days 00:00:27.379000,27.379,3247.161,1.0
2023-11-25 14:39:07.265,0 days 00:54:07.261000,541.0,8822.0,-213.0,OnTrack,272.6,11378.4,100.0,0.0,12,7,1762.5746310058794,0.3366236707573239,14.0,626.1788888888901,interpolation,0 days 00:00:27.479000,27.479,3247.261,1.0
2023-11-25 14:39:07.365,0 days 00:54:07.361000,501.0,8707.0,-214.0,OnTrack,273.8,11443.2,100.0,0.0,12,7,1767.8660573921006,0.3376342488868045,14.0,627.3766666666679,interpolation,0 days 00:00:27.579000,27.579,3247.361,1.0
2023-11-25 14:39:07.465,0 days 00:54:07.461000,465.37430586509447,8604.832221792007,-214.7500252278342,OnTrack,275.0,11508.0,100.0,0.0,12,7,1773.7524999999994,0.3387584656340082,14.0,628.5744444444456,interpolation,0 days 00:00:27.679000,27.679,3247.461,1.0
2023-11-25 14:39:07.565,0 days 00:54:07.561000,436.3281830123286,8521.903029583702,-215.10440885097748,OnTrack,276.57142857142856,11383.0,100.0,0.0,12,7,1780.2339588295754,0.339996320998935,14.0,629.5743253968267,interpolation,0 days 00:00:27.779000,27.779,3247.561,1.0
2023-11-25 14:39:07.665,0 days 00:54:07.661000,413.86163144170257,8458.212423375096,-215.06315086942988,OnTrack,278.1428571428572,11258.0,100.0,0.0,12,7,1787.3104338808294,0.3413478149815849,14.0,630.5742063492077,interpolation,0 days 00:00:27.879000,27.879,3247.661,1.0
2023-11-25 14:39:07.765,0 days 00:54:07.761000,396.8768680093995,8410.49843255416,-214.68866578370643,OnTrack,279.7142857142857,11133.0,100.0,0.0,12,7,1794.9819251537606,0.3428129475819577,14.0,631.5740873015887,interpolation,0 days 00:00:27.979000,27.979,3247.761,1.0
2023-11-25 14:39:07.865,0 days 00:54:07.861000,378.7872275763022,8359.189333656139,-214.35543867953007,OnTrack,281.2857142857143,11008.0,100.0,0.0,12,7,1803.171618989645,0.3443770486151382,14.0,632.5739682539698,interpolation,0 days 00:00:28.079000,28.079,3247.861,1.0
2023-11-25 14:39:07.965,0 days 00:54:07.961000,358.4949382398357,8301.02318947142,-214.1258834182946,OnTrack,282.85714285714283,10883.0,100.0,0.0,12,7,1811.418631076408,0.3459520965209632,14.0,633.5738492063509,interpolation,0 days 00:00:28.179000,28.179,3247.961,1.0
2023-11-25 14:39:08.065,0 days 00:54:08.061000,336.0,8236.0,-214.0,OnTrack,284.42857142857144,10758.0,100.0,0.0,12,7,1819.646146968748,0.3475234209642938,14.0,634.5737301587319,interpolation,0 days 00:00:28.279000,28.279,3248.061,1.0
2023-11-25 14:39:08.165,0 days 00:54:08.161000,311.30241285679506,8164.11976524188,-213.97778842464623,OnTrack,286.0,10633.0,100.0,0.0,12,7,1827.8541666666656,0.3490910219451297,14.0,635.573611111113,interpolation,0 days 00:00:28.379000,28.379,3248.161,1.0
2023-11-25 14:39:08.265,0 days 00:54:08.261000,284.0,8085.0,-214.0,OnTrack,287.5,10623.5,100.0,0.0,12,8,1836.0426901701608,0.3506548994634713,14.0,636.4902777777796,interpolation,0 days 00:00:28.479000,28.479,3248.261,1.0
2023-11-25 14:39:08.365,0 days 00:54:08.361000,253.69058461939372,7998.258219077294,-214.00738603382771,OnTrack,289.0,10614.0,100.0,0.0,12,8,1843.9097222222213,0.3521573772370329,14.0,637.4069444444463,interpolation,0 days 00:00:28.579000,28.579,3248.361,1.0
2023-11-25 14:39:08.465,0 days 00:54:08.461000,223.0,7911.0,-214.0,OnTrack,290.25,10666.5,100.0,0.0,12,8,1851.153267565832,0.353540778983529,14.0,638.184722222224,interpolation,0 days 00:00:28.679000,28.679,3248.461,1.0
2023-11-25 14:39:08.565,0 days 00:54:08.561000,194.55407942684243,7830.330920294356,-213.9778953723874,OnTrack,291.5,10719.0,100.0,0.0,12,8,1857.7733262009936,0.3548051047029598,14.0,638.9625000000018,interpolation,0 days 00:00:28.779000,28.779,3248.561,1.0
2023-11-25 14:39:08.665,0 days 00:54:08.661000,168.08657598435417,7755.38874079259,-213.95334651622576,OnTrack,292.75,10771.5,100.0,0.0,12,8,1865.6282495134355,0.3563052699001874,14.0,639.7402777777795,interpolation,0 days 00:00:28.879000,28.879,3248.661,1.0
2023-11-25 14:39:08.765,0 days 00:54:08.761000,142.0,7681.0,-214.0,OnTrack,294.0,10824.0,100.0,0.0,12,8,1876.576388888888,0.3583961900800748,14.0,640.5180555555573,interpolation,0 days 00:00:28.979000,28.979,3248.761,1.0
2023-11-25 14:39:08.865,0 days 00:54:08.861000,116.0281018318306,7606.30244991944,-214.13013031463615,OnTrack,294.0,10889.0,100.0,0.0,12,8,1889.6430555555544,0.3608917152172915,14.0,640.4736111111131,interpolation,0 days 00:00:29.079000,29.079,3248.861,1.0
2023-11-25 14:39:08.965,0 days 00:54:08.961000,88.0,7526.0,-214.0,OnTrack,294.5,10919.0,100.0,0.0,12,8,1898.98008694012,0.3626749394413092,14.0,639.3069444444462,interpolation,0 days 00:00:29.179000,29.179,3248.961,1.0
2023-11-25 14:39:09.065,0 days 00:54:09.061000,55.74481302466219,7434.796559690773,-213.2658715959574,OnTrack,295.0,10949.0,100.0,0.0,12,8,1906.0319444444435,0.364021731864736,14.0,638.1402777777794,interpolation,0 days 00:00:29.279000,29.279,3249.061,1.0
2023-11-25 14:39:09.165,0 days 00:54:09.161000,25.0,7347.0,-213.0,OnTrack,296.6666666666667,10981.333333333334,100.0,0.0,12,8,1913.217788223046,0.3653941135316964,14.0,635.6773148148163,interpolation,0 days 00:00:29.379000,29.379,3249.161,1.0
2023-11-25 14:39:09.265,0 days 00:54:09.261000,1.0,7276.0,-214.0,OnTrack,298.3333333333333,11013.666666666666,100.0,0.0,12,8,1920.6902669965168,0.3668212379156133,14.0,633.2143518518533,interpolation,0 days 00:00:29.479000,29.479,3249.261,1.0
2023-11-25 14:39:09.365,0 days 00:54:09.361000,-19.273322549342826,7216.287379868315,-214.61802250126948,OnTrack,300.0,11046.0,100.0,0.0,12,8,1929.365277777777,0.3684780267526231,14.0,630.7513888888902,interpolation,0 days 00:00:29.579000,29.579,3249.361,1.0
2023-11-25 14:39:09.465,0 days 00:54:09.461000,-38.52865075611575,7160.613995962395,-214.5922905110805,OnTrack,301.5,11080.5,100.0,0.0,12,8,1939.3954708505476,0.3703936338146819,14.0,626.6513888888903,interpolation,0 days 00:00:29.679000,29.679,3249.461,1.0
2023-11-25 14:39:09.565,0 days 00:54:09.561000,-70.0,7071.0,-214.0,OnTrack,303.0,11115.0,100.0,0.0,12,8,1949.5652777777768,0.3723359048984224,14.0,622.5513888888904,interpolation,0 days 00:00:29.779000,29.779,3249.561,1.0
2023-11-25 14:39:09.665,0 days 00:54:09.661000,-112.0,6952.0,-213.0,OnTrack,303.4,11149.2,100.0,0.0,12,8,1958.659130122416,0.3740726858004773,14.0,617.8313888888904,interpolation,0 days 00:00:29.879000,29.879,3249.661,1.0
2023-11-25 14:39:09.765,0 days 00:54:09.761000,-141.17022633725762,6868.922021191509,-212.46819282171535,OnTrack,303.8,11183.4,100.0,0.0,12,8,1966.6770278844656,0.3756039765208468,14.0,613.1113888888904,interpolation,0 days 00:00:29.979000,29.979,3249.761,1.0
2023-11-25 14:39:09.865,0 days 00:54:09.861000,-153.6175883427403,6832.650790175656,-212.55056293102317,OnTrack,304.2,11217.6,100.0,0.0,12,8,1973.8572481187132,0.3769752841804374,14.0,608.3913888888903,interpolation,0 days 00:00:30.079000,30.079,3249.861,1.0
2023-11-25 14:39:09.965,0 days 00:54:09.961000,-167.50615617685284,6792.304164071975,-212.85765157481933,OnTrack,304.6,11251.8,100.0,0.0,12,8,1981.6294604737868,0.3784596529026726,14.0,603.6713888888903,interpolation,0 days 00:00:30.179000,30.179,3249.961,1.0
2023-11-25 14:39:10.065,0 days 00:54:10.061000,-201.0,6697.0,-213.0,OnTrack,305.0,11286.0,100.0,0.0,12,8,1990.231944444444,0.3801025902744541,14.0,598.9513888888903,pos,0 days 00:00:30.279000,30.279,3250.061,1.0
2023-11-25 14:39:10.165,0 days 00:54:10.161000,-249.0,6561.0,-213.0,OnTrack,306.3333333333333,11297.666666666666,100.0,0.0,12,8,1999.664700030684,0.381904096295782,14.0,593.3810185185199,interpolation,0 days 00:00:30.379000,30.379,3250.161,1.0
2023-11-25 14:39:10.265,0 days 00:54:10.261000,-280.91159394818715,6469.8739381955975,-212.9920016475549,OnTrack,307.6666666666667,11309.333333333334,100.0,0.0,12,8,2009.5585712771413,0.383793668061082,14.0,587.8106481481494,interpolation,0 days 00:00:30.479000,30.479,3250.261,1.0
2023-11-25 14:39:10.365,0 days 00:54:10.361000,-296.17213407616657,6425.213516544235,-212.9962648797816,OnTrack,309.0,11321.0,100.0,0.0,12,8,2017.6986111111105,0.3853482859710526,14.0,582.240277777779,interpolation,0 days 00:00:30.579000,30.579,3250.361,1.0
2023-11-25 14:39:10.465,0 days 00:54:10.461000,-322.0,6351.0,-213.0,OnTrack,309.0,11347.0,100.0,0.0,12,8,2023.7156597970477,0.3864974463981658,14.0,577.3958333333346,interpolation,0 days 00:00:30.679000,30.679,3250.461,1.0
2023-11-25 14:39:10.565,0 days 00:54:10.561000,-362.9315650960534,6234.563664257783,-213.0010754030106,OnTrack,309.0,11373.0,100.0,0.0,12,8,2028.6005904267092,0.3874303903149934,14.0,572.5513888888902,interpolation,0 days 00:00:30.779000,30.779,3250.561,1.0
2023-11-25 14:39:10.665,0 days 00:54:10.661000,-405.0,6115.0,-213.0,OnTrack,309.0,11399.0,100.0,0.0,12,8,2038.2986111111104,0.3892825577435014,14.0,567.7069444444458,interpolation,0 days 00:00:30.879000,30.879,3250.661,1.0
2023-11-25 14:39:10.765,0 days 00:54:10.761000,-434.2384753475125,6031.4044979090695,-212.9972827021548,OnTrack,311.0,11453.0,100.0,0.0,12,8,2052.1208333333325,0.3919223819532783,14.0,557.7513888888902,interpolation,0 days 00:00:30.979000,30.979,3250.761,1.0
2023-11-25 14:39:10.865,0 days 00:54:10.861000,-450.64699113859126,5983.777157984991,-212.99292350947516,OnTrack,311.5,11472.0,100.0,0.0,12,8,2059.988799922048,0.3934250382084509,14.0,552.6625000000013,interpolation,0 days 00:00:31.079000,31.079,3250.861,1.0
2023-11-25 14:39:10.965,0 days 00:54:10.961000,-465.4820113603743,5940.511239068417,-212.99210256205785,OnTrack,312.0,11491.0,100.0,0.0,12,8,2065.9874999999997,0.3945706943437941,14.0,547.5736111111123,interpolation,0 days 00:00:31.179000,31.179,3250.961,1.0
2023-11-25 14:39:11.065,0 days 00:54:11.061000,-490.0,5870.0,-213.0,OnTrack,312.5,11490.5,100.0,0.0,12,8,2075.8816569515466,0.396460320674214,14.0,539.6069444444456,interpolation,0 days 00:00:31.279000,31.279,3251.061,1.0
2023-11-25 14:39:11.165,0 days 00:54:11.161000,-524.2009570574683,5772.243440779739,-213.0166158233016,OnTrack,313.0,11490.0,100.0,0.0,12,8,2086.854166666666,0.3985558952006759,14.0,531.6402777777789,interpolation,0 days 00:00:31.379000,31.379,3251.161,1.0
2023-11-25 14:39:11.265,0 days 00:54:11.261000,-559.0,5673.0,-213.0,OnTrack,314.0,11502.0,100.0,0.0,12,8,2096.0879250353346,0.4003193959241452,14.0,524.8347222222233,interpolation,0 days 00:00:31.479000,31.479,3251.261,1.0
2023-11-25 14:39:11.365,0 days 00:54:11.361000,-585.3122462948161,5598.02811625315,-212.90820249813265,OnTrack,315.0,11514.0,100.0,0.0,12,8,2104.354166666666,0.4018981163665912,14.0,518.0291666666676,interpolation,0 days 00:00:31.579000,31.579,3251.361,1.0
2023-11-25 14:39:11.465,0 days 00:54:11.461000,-611.0,5525.0,-213.0,OnTrack,315.0,11531.666666666666,100.0,0.0,12,8,2112.424126169776,0.403439350049984,14.0,511.6513888888898,interpolation,0 days 00:00:31.679000,31.679,3251.461,1.0
2023-11-25 14:39:11.565,0 days 00:54:11.561000,-643.9255651736348,5431.587861701362,-213.5341691879024,OnTrack,315.0,11549.333333333334,100.0,0.0,12,8,2120.3954669752807,0.4049617491334628,14.0,505.2736111111121,interpolation,0 days 00:00:31.779000,31.779,3251.561,1.0
2023-11-25 14:39:11.665,0 days 00:54:11.661000,-675.0,5343.0,-214.0,OnTrack,315.0,11567.0,100.0,0.0,12,8,2128.854166666666,0.4065772259988726,14.0,498.8958333333344,interpolation,0 days 00:00:31.879000,31.879,3251.661,1.0
2023-11-25 14:39:11.765,0 days 00:54:11.761000,-695.1343626633745,5284.444713538678,-213.8867823744532,OnTrack,315.0,11585.5,100.0,0.0,12,8,2137.897887674482,0.4083044326143557,14.0,492.06250000000114,interpolation,0 days 00:00:31.979000,31.979,3251.761,1.0
2023-11-25 14:39:11.865,0 days 00:54:11.861000,-709.2638728180232,5242.318508046799,-213.3141601461622,OnTrack,315.0,11604.0,100.0,0.0,12,8,2146.354166666666,0.4099194471647879,14.0,485.2291666666679,interpolation,0 days 00:00:32.079000,32.079,3251.861,1.0
2023-11-25 14:39:11.965,0 days 00:54:11.961000,-747.0,5135.0,-213.0,OnTrack,315.5,11611.5,100.0,0.0,12,8,2153.05054031116,0.4111983478350454,14.0,479.6736111111125,pos,0 days 00:00:32.179000,32.179,3251.961,1.0
2023-11-25 14:39:12.065,0 days 00:54:12.061000,-806.0,4969.0,-213.0,OnTrack,316.0,11619.0,100.0,0.0,12,8,2160.3986111111103,0.4126017122782589,14.0,474.118055555557,interpolation,0 days 00:00:32.279000,32.279,3252.061,1.0
2023-11-25 14:39:12.165,0 days 00:54:12.161000,-842.5955628337956,4865.005791001517,-212.93047620554896,OnTrack,316.5,11636.5,100.0,0.0,12,8,2170.809981569662,0.4145901181475593,14.0,465.8180555555568,interpolation,0 days 00:00:32.379000,32.379,3252.161,1.0
2023-11-25 14:39:12.265,0 days 00:54:12.261000,-864.0,4803.0,-213.0,OnTrack,317.0,11654.0,100.0,0.0,12,8,2181.531944444444,0.4166378422195738,14.0,457.5180555555567,interpolation,0 days 00:00:32.479000,32.479,3252.261,1.0
2023-11-25 14:39:12.365,0 days 00:54:12.361000,-884.7047119249527,4742.850603845124,-213.48109041755265,OnTrack,317.3333333333333,11666.666666666666,100.0,0.0,12,8,2189.8117924930834,0.4182191612709296,14.0,452.0962962962972,interpolation,0 days 00:00:32.579000,32.579,3252.361,1.0
2023-11-25 14:39:12.465,0 days 00:54:12.461000,-904.0,4687.0,-214.0,OnTrack,317.6666666666667,11679.333333333334,100.0,0.0,12,8,2196.049354017405,0.4194104361366602,14.0,446.6745370370377,interpolation,0 days 00:00:32.679000,32.679,3252.461,1.0
2023-11-25 14:39:12.565,0 days 00:54:12.561000,-921.1761656164888,4637.890585927733,-214.18298128913528,OnTrack,318.0,11692.0,100.0,0.0,12,8,2202.643611111111,0.4206698341727786,14.0,441.2527777777782,car,0 days 00:00:32.779000,32.779,3252.561,1.0
2023-11-25 14:39:12.665,0 days 00:54:12.661000,-941.3252881185296,4580.867375306208,-214.08101644566435,OnTrack,318.0,11690.5,100.0,0.0,12,8,2209.9943961702893,0.4220737169962573,14.0,434.55833333333385,interpolation,0 days 00:00:32.879000,32.879,3252.661,1.0
2023-11-25 14:39:12.765,0 days 00:54:12.761000,-995.0,4428.0,-214.0,OnTrack,318.0,11689.0,100.0,0.0,12,8,2220.3102777777776,0.4240438860164645,14.0,427.8638888888895,car,0 days 00:00:32.979000,32.979,3252.761,1.0
2023-11-25 14:39:12.865,0 days 00:54:12.861000,-1077.0,4194.0,-214.0,OnTrack,318.0,11718.0,100.0,0.0,12,8,2234.4436111111117,0.4267431274914132,14.0,417.5972222222226,interpolation,0 days 00:00:33.079000,33.079,3252.861,1.0
2023-11-25 14:39:12.965,0 days 00:54:12.961000,-1125.5703754448964,4055.068335738608,-214.13552891531947,OnTrack,318.6666666666667,11726.333333333334,100.0,0.0,12,8,2244.2570740754268,0.4286173425559996,14.0,412.530555555556,interpolation,0 days 00:00:33.179000,33.179,3252.961,1.0
2023-11-25 14:39:13.065,0 days 00:54:13.061000,-1130.4185881914684,4040.5719843129664,-214.41567220408496,OnTrack,319.3333333333333,11734.666666666666,100.0,0.0,12,8,2249.3856845971973,0.4295968254495765,14.0,407.4638888888894,interpolation,0 days 00:00:33.279000,33.279,3253.061,1.0
2023-11-25 14:39:13.165,0 days 00:54:13.161000,-1122.307506842306,4063.039640730841,-214.987979390808,OnTrack,320.0,11743.0,100.0,0.0,12,8,2255.7769444444443,0.4308174542460528,14.0,402.3972222222228,car,0 days 00:00:33.379000,33.379,3253.161,1.0
2023-11-25 14:39:13.265,0 days 00:54:13.261000,-1132.0,4035.0,-216.0,OnTrack,320.0,11744.0,100.0,0.0,12,8,2264.4221089870493,0.4324685429270307,14.0,396.369444444445,interpolation,0 days 00:00:33.479000,33.479,3253.261,1.0
2023-11-25 14:39:13.365,0 days 00:54:13.361000,-1159.49606766455,3956.453062120443,-217.45173403166103,OnTrack,320.0,11745.0,100.0,0.0,12,8,2273.554722222222,0.4342127265415857,14.0,390.3416666666672,car,0 days 00:00:33.579000,33.579,3253.361,1.0
2023-11-25 14:39:13.465,0 days 00:54:13.461000,-1202.5847255478957,3833.972438552479,-219.2682548123872,OnTrack,320.5,11784.0,100.0,0.0,12,8,2281.408328147176,0.4357126401387936,14.0,384.3416666666669,interpolation,0 days 00:00:33.679000,33.679,3253.461,1.0
2023-11-25 14:39:13.565,0 days 00:54:13.561000,-1248.0,3707.0,-221.0,OnTrack,321.0,11823.0,100.0,0.0,12,8,2291.388055555556,0.4376186090630423,14.0,378.3416666666667,car,0 days 00:00:33.779000,33.779,3253.561,1.0
2023-11-25 14:39:13.665,0 days 00:54:13.661000,-1293.530884092207,3582.1094252374405,-222.5720421538425,OnTrack,321.0,11787.0,100.0,0.0,12,8,2305.654722222222,0.4403433150802074,14.0,368.69722222222254,interpolation,0 days 00:00:33.879000,33.879,3253.661,1.0
2023-11-25 14:39:13.765,0 days 00:54:13.761000,-1334.0,3472.0,-224.0,OnTrack,321.3333333333333,11809.333333333334,100.0,0.0,12,8,2316.7424238091057,0.4424608894187809,14.0,362.9675925925928,interpolation,0 days 00:00:33.979000,33.979,3253.761,1.0
2023-11-25 14:39:13.865,0 days 00:54:13.861000,-1364.229969898863,3389.371010022882,-225.29949226455795,OnTrack,321.6666666666667,11831.666666666666,100.0,0.0,12,8,2323.9680797737765,0.4438408745789376,14.0,357.23796296296297,interpolation,0 days 00:00:34.079000,34.079,3253.861,1.0
2023-11-25 14:39:13.965,0 days 00:54:13.961000,-1384.2207937887956,3334.222455306086,-226.47051894751613,OnTrack,322.0,11854.0,100.0,0.0,12,8,2330.6991666666668,0.4451264049265396,14.0,351.5083333333332,interpolation,0 days 00:00:34.179000,34.179,3253.961,1.0
2023-11-25 14:39:14.065,0 days 00:54:14.061000,-1396.5421255682577,3299.607988193249,-227.5445676996292,OnTrack,322.5,11853.0,100.0,0.0,12,8,2337.4969334531024,0.4464246700713728,14.0,346.5972222222222,interpolation,0 days 00:00:34.279000,34.279,3254.061,1.0
2023-11-25 14:39:14.165,0 days 00:54:14.161000,-1416.6119675680425,3243.849309353662,-228.7105653927273,OnTrack,323.0,11852.0,100.0,0.0,12,8,2345.054722222222,0.4478680873051824,14.0,341.6861111111112,car,0 days 00:00:34.379000,34.379,3254.161,1.0
2023-11-25 14:39:14.265,0 days 00:54:14.261000,-1447.0,3160.0,-230.0,OnTrack,323.0,11854.333333333334,100.0,0.0,12,8,2354.0658750631665,0.449589073919714,14.0,335.32555555555547,interpolation,0 days 00:00:34.479000,34.479,3254.261,1.0
2023-11-25 14:39:14.365,0 days 00:54:14.361000,-1487.7062228641305,3048.0600601322603,-231.41287152144744,OnTrack,323.0,11856.666666666666,100.0,0.0,12,8,2364.2423112809597,0.4515326110923252,14.0,328.96499999999986,interpolation,0 days 00:00:34.579000,34.579,3254.361,1.0
2023-11-25 14:39:14.465,0 days 00:54:14.461000,-1535.722508662776,2916.261873999972,-232.88152182058053,OnTrack,323.0,11859.0,100.0,0.0,12,8,2373.855555555556,0.4533685875773348,14.0,322.6044444444442,interpolation,0 days 00:00:34.679000,34.679,3254.461,1.0
2023-11-25 14:39:14.565,0 days 00:54:14.561000,-1573.0,2814.0,-234.0,OnTrack,323.5,11874.5,100.0,0.0,12,8,2382.6175301419103,0.4550419851154906,14.0,316.74333333333334,interpolation,0 days 00:00:34.779000,34.779,3254.561,1.0
2023-11-25 14:39:14.665,0 days 00:54:14.661000,-1596.5305385747615,2749.5069066819187,-234.7006472303939,OnTrack,324.0,11890.0,100.0,0.0,12,8,2391.8555555555554,0.4568063007765618,14.0,310.8822222222225,interpolation,0 days 00:00:34.879000,34.879,3254.661,1.0
2023-11-25 14:39:14.765,0 days 00:54:14.761000,-1606.31412438706,2722.782594045728,-234.98346351176224,OnTrack,323.5,11904.0,100.0,0.0,12,8,2402.896952312024,0.4589150316303183,14.0,304.0155555555559,interpolation,0 days 00:00:34.979000,34.979,3254.761,1.0
2023-11-25 14:39:14.865,0 days 00:54:14.861000,-1617.1906480058287,2693.166984386673,-235.0245480372495,OnTrack,323.0,11918.0,100.0,0.0,12,8,2413.3888888888887,0.4609188243445262,14.0,297.14888888888936,interpolation,0 days 00:00:35.079000,35.079,3254.861,1.0
2023-11-25 14:39:14.965,0 days 00:54:14.961000,-1644.0,2620.0,-235.0,OnTrack,323.6666666666667,11915.666666666666,100.0,0.0,12,8,2420.9785337637245,0.4623683255869524,14.0,292.6600000000005,pos,0 days 00:00:35.179000,35.179,3254.961,1.0
2023-11-25 14:39:15.065,0 days 00:54:15.061000,-1686.742180369574,2503.281640885708,-234.90981940001387,OnTrack,324.3333333333333,11913.333333333334,100.0,0.0,12,8,2426.510840402219,0.4634249080065813,14.0,288.17111111111154,interpolation,0 days 00:00:35.279000,35.279,3255.061,1.0
2023-11-25 14:39:15.165,0 days 00:54:15.161000,-1740.969948797475,2355.2129710817026,-234.8059441354794,OnTrack,325.0,11911.0,100.0,0.0,12,8,2435.055555555556,0.4650568124547071,14.0,283.68222222222266,interpolation,0 days 00:00:35.379000,35.379,3255.161,1.0
2023-11-25 14:39:15.265,0 days 00:54:15.261000,-1780.0,2249.0,-235.0,OnTrack,325.0,11924.0,100.0,0.0,12,8,2447.457641341792,0.4674254132327788,14.0,276.25444444444497,interpolation,0 days 00:00:35.479000,35.479,3255.261,1.0
2023-11-25 14:39:15.365,0 days 00:54:15.361000,-1799.385139199581,2196.8436667402493,-235.5439243599228,OnTrack,325.0,11937.0,100.0,0.0,12,8,2460.333333333333,0.469884465249918,14.0,268.8266666666673,interpolation,0 days 00:00:35.579000,35.579,3255.361,1.0
2023-11-25 14:39:15.465,0 days 00:54:15.461000,-1815.0,2156.0,-236.0,OnTrack,325.5,11945.5,100.0,0.0,12,8,2470.298867102587,0.4717877234152462,14.0,263.9933333333338,interpolation,0 days 00:00:35.679000,35.679,3255.461,1.0
2023-11-25 14:39:15.565,0 days 00:54:15.561000,-1842.7192160050377,2083.725028476801,-235.93050970498396,OnTrack,326.0,11954.0,100.0,0.0,12,8,2478.4444444444443,0.4733433989009922,14.0,259.1600000000003,interpolation,0 days 00:00:35.779000,35.779,3255.561,1.0
2023-11-25 14:39:15.665,0 days 00:54:15.661000,-1880.0460497781464,1986.3652670543015,-235.4226941426841,OnTrack,326.0,11884.666666666666,100.0,0.0,12,8,2485.860267153796,0.4747597028793847,14.0,255.56000000000023,interpolation,0 days 00:00:35.879000,35.879,3255.661,1.0
2023-11-25 14:39:15.765,0 days 00:54:15.761000,-1912.0,1902.0,-235.0,OnTrack,326.0,11815.333333333334,100.0,0.0,12,8,2492.732461321816,0.4760721824682212,14.0,251.96000000000015,interpolation,0 days 00:00:35.979000,35.979,3255.761,1.0
2023-11-25 14:39:15.865,0 days 00:54:15.861000,-1936.0843036673289,1836.9758071861904,-234.7496688380902,OnTrack,326.0,11746.0,100.0,0.0,12,8,2500.177777777778,0.4774941192822813,14.0,248.36000000000013,interpolation,0 days 00:00:36.079000,36.079,3255.861,1.0
2023-11-25 14:39:15.965,0 days 00:54:15.961000,-1958.0,1776.0,-235.0,OnTrack,313.25,11177.75,75.0,0.0,12,8,2508.382340706935,0.4790610600753621,14.0,245.51833333333357,interpolation,0 days 00:00:36.179000,36.179,3255.961,1.0
2023-11-25 14:39:16.065,0 days 00:54:16.061000,-1983.4481282178824,1703.7798898285591,-236.07929282877467,OnTrack,300.5,10609.5,50.0,0.0,12,8,2517.346150109287,0.4807730048474634,14.0,242.67666666666696,interpolation,0 days 00:00:36.279000,36.279,3256.061,1.0
2023-11-25 14:39:16.165,0 days 00:54:16.161000,-2011.0,1624.0,-237.0,OnTrack,287.75,10041.25,25.0,0.0,12,8,2526.128551123663,0.4824503035079092,14.0,239.8350000000004,pos,0 days 00:00:36.379000,36.379,3256.161,1.0
2023-11-25 14:39:16.265,0 days 00:54:16.261000,-2039.2269270253785,1540.3448538424575,-236.774574189262,OnTrack,275.0,9473.0,0.0,0.0,12,8,2533.788888888889,0.4839133059660234,14.0,236.9933333333338,interpolation,0 days 00:00:36.479000,36.479,3256.261,1.0
2023-11-25 14:39:16.365,0 days 00:54:16.361000,-2066.9393555885854,1456.5468204801052,-235.63798024058275,OnTrack,259.0,9207.0,0.0,1.0,8,8,2540.327163404966,0.4851620122218061,14.0,236.13777777777827,interpolation,0 days 00:00:36.579000,36.579,3256.361,0.0
2023-11-25 14:39:16.465,0 days 00:54:16.461000,-2087.0,1395.0,-235.0,OnTrack,243.0,8941.0,0.0,1.0,8,8,2545.899698777725,0.4862262776887002,14.0,235.2822222222227,interpolation,0 days 00:00:36.679000,36.679,3256.461,0.0
2023-11-25 14:39:16.565,0 days 00:54:16.561000,-2100.0,1354.0,-235.0,OnTrack,227.0,8675.0,0.0,1.0,8,8,2551.4444444444443,0.4872852357645246,14.0,234.4266666666672,interpolation,0 days 00:00:36.779000,36.779,3256.561,0.0
2023-11-25 14:39:16.665,0 days 00:54:16.661000,-2116.6233884752887,1300.9266476533585,-235.06440774422893,OnTrack,213.5,8697.5,0.0,1.0,8,8,2557.117726111722,0.488368742168443,14.0,234.48222222222265,interpolation,0 days 00:00:36.879000,36.879,3256.661,0.0
2023-11-25 14:39:16.765,0 days 00:54:16.761000,-2135.0,1239.0,-235.0,OnTrack,200.0,8720.0,0.0,1.0,8,8,2562.555555555556,0.4894072809492327,14.0,234.53777777777805,interpolation,0 days 00:00:36.979000,36.979,3256.761,0.0
2023-11-25 14:39:16.865,0 days 00:54:16.861000,-2151.479006117511,1176.8767817151415,-234.70914846123765,OnTrack,186.5,8704.5,0.0,1.0,8,8,2567.3939445519454,0.4903313361556707,14.0,235.3433333333337,interpolation,0 days 00:00:37.079000,37.079,3256.861,0.0
2023-11-25 14:39:16.965,0 days 00:54:16.961000,-2165.866605929546,1115.9969273525292,-234.253174003904,OnTrack,173.0,8689.0,0.0,1.0,8,8,2572.1666666666665,0.4912428500340052,14.0,236.14888888888936,interpolation,0 days 00:00:37.179000,37.179,3256.961,0.0
2023-11-25 14:39:17.065,0 days 00:54:17.061000,-2177.0,1065.0,-234.0,OnTrack,163.0,8872.5,0.0,1.0,8,8,2577.4074954654952,0.4922437648304841,14.0,238.08222222222253,interpolation,0 days 00:00:37.279000,37.279,3257.061,0.0
2023-11-25 14:39:17.165,0 days 00:54:17.161000,-2184.685389415108,1025.3259194664452,-234.010946697565,OnTrack,153.0,9056.0,0.0,1.0,8,8,2582.366666666667,0.4931908875135673,14.0,240.0155555555557,interpolation,0 days 00:00:37.379000,37.379,3257.161,0.0
2023-11-25 14:39:17.265,0 days 00:54:17.261000,-2188.9227741748705,996.9746857518652,-234.2860140965991,OnTrack,143.33333333333334,9057.333333333334,0.0,1.0,8,8,2586.2944159884187,0.4939410250517141,14.0,242.42666666666676,interpolation,0 days 00:00:37.479000,37.479,3257.261,0.0
2023-11-25 14:39:17.365,0 days 00:54:17.361000,-2191.198771847198,970.1361091613528,-234.41807444733368,OnTrack,133.66666666666666,9058.666666666666,0.0,1.0,8,8,2589.296906250613,0.4945144528519861,14.0,244.83777777777777,interpolation,0 days 00:00:37.579000,37.579,3257.361,0.0
2023-11-25 14:39:17.465,0 days 00:54:17.461000,-2193.0,935.0,-234.0,OnTrack,124.0,9060.0,0.0,1.0,8,8,2592.0111111111114,0.495032822733894,14.0,247.2488888888888,interpolation,0 days 00:00:37.679000,37.679,3257.461,0.0
2023-11-25 14:39:17.565,0 days 00:54:17.561000,-2194.326458633276,891.5663582678071,-233.0317907545981,OnTrack,118.0,8777.2,0.0,1.0,8,8,2594.5431923026745,0.4955164098968802,14.0,250.64666666666653,interpolation,0 days 00:00:37.779000,37.779,3257.561,0.0
2023-11-25 14:39:17.665,0 days 00:54:17.661000,-2195.0,850.0,-232.0,OnTrack,112.0,8494.4,0.0,1.0,8,8,2596.8931498253023,0.4959652143409446,14.0,254.04444444444425,pos,0 days 00:00:37.879000,37.879,3257.661,0.0
2023-11-25 14:39:17.765,0 days 00:54:17.761000,-2194.842476353145,820.465741231804,-231.39118102507763,OnTrack,106.0,8211.6,0.0,1.0,8,8,2599.086972570262,0.4963841995302288,14.0,257.442222222222,interpolation,0 days 00:00:37.979000,37.979,3257.761,0.0
2023-11-25 14:39:17.865,0 days 00:54:17.861000,-2193.85388769271,802.9635819632196,-231.20533382983103,OnTrack,100.0,7928.8,0.0,1.0,8,8,2601.280593086781,0.4968031460971028,14.0,260.8399999999997,interpolation,0 days 00:00:38.079000,38.079,3257.861,0.0
2023-11-25 14:39:17.965,0 days 00:54:17.961000,-2191.6883551859205,788.4796317130252,-231.1668197196689,OnTrack,94.0,7646.0,0.0,1.0,8,8,2603.5000000000005,0.4972270174548822,14.0,264.2377777777774,interpolation,0 days 00:00:38.179000,38.179,3257.961,0.0
2023-11-25 14:39:18.065,0 days 00:54:18.061000,-2188.0,768.0,-231.0,OnTrack,91.0,7403.5,0.0,1.0,8,5,2605.745193309921,0.4976558136035672,14.0,268.7099999999997,interpolation,0 days 00:00:38.279000,38.279,3258.061,0.0
2023-11-25 14:39:18.165,0 days 00:54:18.161000,-2182.7888221349485,741.5246868241439,-230.7048746708243,OnTrack,88.0,7161.0,0.0,1.0,8,5,2608.016173016543,0.4980895345431578,14.0,273.182222222222,interpolation,0 days 00:00:38.379000,38.379,3258.161,0.0
2023-11-25 14:39:18.265,0 days 00:54:18.261000,-2176.188376871846,710.5440186446875,-230.31147616474712,OnTrack,85.0,6918.5,0.0,1.0,8,5,2610.306843992671,0.4985270162014756,14.0,277.65444444444427,interpolation,0 days 00:00:38.479000,38.479,3258.261,0.0
2023-11-25 14:39:18.365,0 days 00:54:18.361000,-2169.0,684.0,-230.0,OnTrack,82.0,6676.0,0.0,1.0,8,5,2612.6111111111118,0.4989670945063428,14.0,282.1266666666665,pos,0 days 00:00:38.579000,38.579,3258.361,0.0
2023-11-25 14:39:18.465,0 days 00:54:18.461000,-2161.357248168103,663.3829726103331,-229.800478916722,OnTrack,80.33333333333333,6462.0,0.0,1.0,8,2,2614.928974371864,0.499409769457759,14.0,287.31185185185177,interpolation,0 days 00:00:38.679000,38.679,3258.461,0.0
2023-11-25 14:39:18.565,0 days 00:54:18.561000,-2153.514720064721,648.2562803634547,-229.74210168181327,OnTrack,78.66666666666667,6248.0,0.0,1.0,8,2,2617.24377441087,0.4998518593826294,14.0,292.497037037037,interpolation,0 days 00:00:38.779000,38.779,3258.561,0.0
2023-11-25 14:39:18.665,0 days 00:54:18.661000,-2147.0,636.0,-230.0,OnTrack,77.0,6034.0,0.0,1.0,8,2,2619.455555555556,0.5002742743401231,14.0,297.6822222222222,interpolation,0 days 00:00:38.879000,38.879,3258.661,0.0
2023-11-25 14:39:18.765,0 days 00:54:18.761000,-2142.0676840554274,626.1774798790726,-230.6033623392908,OnTrack,75.5,6148.0,0.0,0.0,8,2,2621.547658612453,0.5006738326897251,14.0,302.76555555555547,interpolation,0 days 00:00:38.979000,38.979,3258.761,0.0
2023-11-25 14:39:18.865,0 days 00:54:18.861000,-2131.0,614.0,-231.0,OnTrack,74.0,6262.0,0.0,0.0,8,2,2623.566666666667,0.5010594310584651,14.0,307.8488888888887,interpolation,0 days 00:00:39.079000,39.079,3258.861,0.0
2023-11-25 14:39:18.965,0 days 00:54:18.961000,-2106.0791756027147,594.6788403621098,-230.63772428244204,OnTrack,72.5,6066.5,0.0,0.0,8,2,2625.5591628033067,0.5014399660733725,14.0,313.1266666666663,interpolation,0 days 00:00:39.179000,39.179,3258.961,0.0
2023-11-25 14:39:19.065,0 days 00:54:19.061000,-2077.0,576.0,-230.0,OnTrack,71.0,5871.0,0.0,0.0,8,2,2627.5111111111114,0.5018127570990364,14.0,318.4044444444439,interpolation,0 days 00:00:39.279000,39.279,3259.061,0.0
2023-11-25 14:39:19.165,0 days 00:54:19.161000,-2053.457262328286,565.7494779482693,-229.57029196605745,OnTrack,70.8,5975.0,5.2,0.0,8,2,2629.4084756788243,0.5021751235000459,14.0,323.6734444444439,interpolation,0 days 00:00:39.379000,39.379,3259.161,0.0
2023-11-25 14:39:19.265,0 days 00:54:19.261000,-2035.4509625875728,563.9272742069174,-229.34860018061423,OnTrack,70.6,6079.0,10.4,0.0,8,2,2631.2512565064435,0.502527065276401,14.0,328.9424444444438,interpolation,0 days 00:00:39.479000,39.479,3259.261,0.0
2023-11-25 14:39:19.365,0 days 00:54:19.361000,-2020.4691815530728,566.1414333621069,-229.20260830486396,OnTrack,70.4,6183.0,15.6,0.0,8,2,2633.054369793118,0.5028714311844733,14.0,334.2114444444438,interpolation,0 days 00:00:39.579000,39.579,3259.361,0.0
2023-11-25 14:39:19.465,0 days 00:54:19.461000,-2006.0,568.0,-229.0,OnTrack,70.2,6287.0,20.8,0.0,8,2,2634.9073122755017,0.5032253136749787,14.0,339.4804444444438,interpolation,0 days 00:00:39.679000,39.679,3259.461,0.0
2023-11-25 14:39:19.565,0 days 00:54:19.561000,-1992.0434179283543,569.5029741205967,-228.74077526602247,OnTrack,70.0,6391.0,26.0,0.0,8,2,2636.8250000000003,0.503591561475118,14.0,344.7494444444437,car,0 days 00:00:39.779000,39.779,3259.561,0.0
2023-11-25 14:39:19.665,0 days 00:54:19.661000,-1978.1918753704615,570.823450154188,-228.4191033994194,OnTrack,71.5,6614.5,30.5,0.0,8,2,2638.8074329666133,0.5039701745848907,14.0,350.16611111111047,interpolation,0 days 00:00:39.879000,39.879,3259.661,0.0
2023-11-25 14:39:19.765,0 days 00:54:19.761000,-1962.0,573.0,-228.0,OnTrack,73.0,6838.0,35.0,0.0,8,2,2640.880555555556,0.5043661079675364,14.0,355.5827777777772,car,0 days 00:00:39.979000,39.979,3259.761,0.0
2023-11-25 14:39:19.865,0 days 00:54:19.861000,-1943.06022767586,576.2057198608197,-227.47763430454563,OnTrack,74.66666666666667,7097.333333333333,38.66666666666666,0.0,8,2,2643.0703121470438,0.5047843165862949,14.0,361.50870370370313,interpolation,0 days 00:00:40.079000,40.079,3259.861,0.0
2023-11-25 14:39:19.965,0 days 00:54:19.961000,-1923.0,580.0,-227.0,OnTrack,76.33333333333333,7356.666666666667,42.333333333333336,0.0,8,2,2645.3782762521387,0.5052251009567076,14.0,367.4346296296291,interpolation,0 days 00:00:40.179000,40.179,3259.961,0.0
2023-11-25 14:39:20.065,0 days 00:54:20.061000,-1903.4467585743816,583.9422306808942,-226.71509077330688,OnTrack,78.0,7616.0,46.0,0.0,8,2,2647.8138888888893,0.5056902641627944,14.0,373.36055555555504,interpolation,0 days 00:00:40.279000,40.279,3260.061,0.0
2023-11-25 14:39:20.165,0 days 00:54:20.161000,-1883.8603643915744,588.1134628837303,-226.5425232885945,OnTrack,83.33333333333333,7973.0,49.66666666666666,0.0,8,2,2650.378723552245,0.5061801067170197,14.0,378.9309259259255,interpolation,0 days 00:00:40.379000,40.379,3260.161,0.0
2023-11-25 14:39:20.265,0 days 00:54:20.261000,-1861.0,593.0,-226.0,OnTrack,88.66666666666667,8330.0,53.333333333333336,0.0,8,2,2653.103156303599,0.506700429963116,14.0,384.50129629629583,interpolation,0 days 00:00:40.479000,40.479,3260.261,0.0
2023-11-25 14:39:20.365,0 days 00:54:20.361000,-1834.325531923223,598.6828921799735,-225.0071383947728,OnTrack,94.0,8687.0,57.0,0.0,8,2,2656.1694444444447,0.5072860421416948,14.0,390.0716666666663,interpolation,0 days 00:00:40.579000,40.579,3260.361,0.0
2023-11-25 14:39:20.465,0 days 00:54:20.461000,-1803.0,604.0,-224.0,OnTrack,98.5,8508.5,46.0,0.0,8,2,2659.6079643472267,0.5079427446558946,14.0,396.13833333333287,interpolation,0 days 00:00:40.679000,40.679,3260.461,0.0
2023-11-25 14:39:20.565,0 days 00:54:20.561000,-1766.1864440690883,607.7891840364287,-223.4146463427689,OnTrack,103.0,8330.0,35.0,0.0,8,2,2663.0361111111115,0.5085974660658444,14.0,402.2049999999995,interpolation,0 days 00:00:40.779000,40.779,3260.561,0.0
2023-11-25 14:39:20.665,0 days 00:54:20.661000,-1733.0,610.0,-223.0,OnTrack,102.66666666666669,8103.666666666667,30.0,0.0,8,2,2666.071279835269,0.509177134931673,14.0,407.0790740740736,interpolation,0 days 00:00:40.879000,40.879,3260.661,0.0
2023-11-25 14:39:20.765,0 days 00:54:20.761000,-1712.555803662247,610.582003601455,-222.5049835486139,OnTrack,102.33333333333331,7877.333333333333,25.0,0.0,8,2,2668.7142217756,0.509681894731288,14.0,411.9531481481477,interpolation,0 days 00:00:40.979000,40.979,3260.761,0.0
2023-11-25 14:39:20.865,0 days 00:54:20.861000,-1692.0,608.0,-222.0,OnTrack,102.0,7651.0,20.0,0.0,8,2,2670.969444444445,0.510112606327726,14.0,416.82722222222174,interpolation,0 days 00:00:41.079000,41.079,3260.861,0.0
2023-11-25 14:39:20.965,0 days 00:54:20.961000,-1658.478733957429,600.7187943548419,-221.5554523655476,OnTrack,101.66666666666669,7629.0,22.33333333333333,0.0,8,3,2672.8376990900124,0.5104694131974252,14.0,421.0447222222217,interpolation,0 days 00:00:41.179000,41.179,3260.961,0.0
2023-11-25 14:39:21.065,0 days 00:54:21.061000,-1623.0,590.0,-221.0,OnTrack,101.33333333333331,7607.0,24.666666666666668,0.0,8,3,2674.5764880580277,0.5108014941855371,14.0,425.2622222222215,interpolation,0 days 00:00:41.279000,41.279,3261.061,0.0
2023-11-25 14:39:21.165,0 days 00:54:21.161000,-1596.5717925931788,577.1052302694936,-220.16230225810068,OnTrack,101.0,7585.0,27.0,0.0,8,3,2677.730833333334,0.5114039238737506,14.0,429.4797222222214,interpolation,0 days 00:00:41.379000,41.379,3261.161,0.0
2023-11-25 14:39:21.265,0 days 00:54:21.261000,-1576.0,563.0,-219.0,OnTrack,101.0,7771.0,34.0,0.0,8,3,2682.2197222222226,0.5122612301283727,14.0,438.0574999999994,interpolation,0 days 00:00:41.479000,41.479,3261.261,0.0
2023-11-25 14:39:21.365,0 days 00:54:21.361000,-1558.0905104834997,548.6498240281958,-217.47073408584856,OnTrack,102.0,7897.666666666667,36.66666666666666,0.0,8,3,2686.012038267761,0.5129855020686721,14.0,443.776018518518,interpolation,0 days 00:00:41.579000,41.579,3261.361,0.0
2023-11-25 14:39:21.465,0 days 00:54:21.461000,-1541.0,531.0,-216.0,OnTrack,103.0,8024.333333333333,39.333333333333336,0.0,8,3,2688.8773464323044,0.5135327302740667,14.0,449.4945370370365,interpolation,0 days 00:00:41.679000,41.679,3261.461,0.0
2023-11-25 14:39:21.565,0 days 00:54:21.561000,-1522.8851445058249,506.9958255613316,-215.01329322680817,OnTrack,104.0,8151.0,42.0,0.0,8,3,2691.464166666667,0.5140267717220498,14.0,455.213055555555,interpolation,0 days 00:00:41.779000,41.779,3261.561,0.0
2023-11-25 14:39:21.665,0 days 00:54:21.661000,-1504.347897670138,477.75680517398257,-214.4559515508101,OnTrack,105.25,8249.5,45.0,0.0,8,3,2693.880586182724,0.5144882693478953,14.0,459.4574999999994,interpolation,0 days 00:00:41.879000,41.879,3261.661,0.0
2023-11-25 14:39:21.765,0 days 00:54:21.761000,-1489.0,450.0,-214.0,OnTrack,106.5,8348.0,48.0,0.0,8,3,2696.126604980473,0.5149172231516028,14.0,463.7019444444438,interpolation,0 days 00:00:41.979000,41.979,3261.761,0.0
2023-11-25 14:39:21.865,0 days 00:54:21.861000,-1477.4434113286122,424.84492596496034,-213.59077579917096,OnTrack,107.75,8446.5,51.0,0.0,8,3,2698.4636268435424,0.5153635570908003,14.0,467.9463888888882,interpolation,0 days 00:00:42.079000,42.079,3261.861,0.0
2023-11-25 14:39:21.965,0 days 00:54:21.961000,-1468.0,401.0,-213.0,OnTrack,109.0,8545.0,54.0,0.0,8,3,2701.153055555556,0.5158771951231153,14.0,472.1908333333327,interpolation,0 days 00:00:42.179000,42.179,3261.961,0.0
2023-11-25 14:39:22.065,0 days 00:54:22.061000,-1458.9916343581897,377.1736390362557,-211.99939365416424,OnTrack,113.0,8894.5,62.5,0.0,8,3,2704.1948911165136,0.5164581372485477,14.0,477.2741666666661,interpolation,0 days 00:00:42.279000,42.279,3262.061,0.0
2023-11-25 14:39:22.165,0 days 00:54:22.161000,-1449.0,348.0,-211.0,OnTrack,117.0,9244.0,71.0,0.0,8,3,2707.653055555556,0.5171185915561695,14.0,482.3574999999996,interpolation,0 days 00:00:42.379000,42.379,3262.161,0.0
2023-11-25 14:39:22.265,0 days 00:54:22.261000,-1436.60678252225,308.1132398175055,-210.4128622758435,OnTrack,119.0,9542.0,74.0,0.0,8,3,2711.5914709018225,0.5178707661350528,14.0,488.4908333333328,interpolation,0 days 00:00:42.479000,42.479,3262.261,0.0
2023-11-25 14:39:22.365,0 days 00:54:22.361000,-1423.0,261.0,-210.0,OnTrack,121.0,9840.0,77.0,0.0,8,3,2715.7197222222226,0.5186591963602676,14.0,494.6241666666661,interpolation,0 days 00:00:42.579000,42.579,3262.361,0.0
2023-11-25 14:39:22.465,0 days 00:54:22.461000,-1409.36767050831,210.14692205871168,-209.5234326907747,OnTrack,126.8,10224.6,81.6,0.0,8,3,2719.747394583666,0.5194284176068841,14.0,498.8641666666661,interpolation,0 days 00:00:42.679000,42.679,3262.461,0.0
2023-11-25 14:39:22.565,0 days 00:54:22.561000,-1396.0,158.0,-209.0,OnTrack,132.6,10609.2,86.2,0.0,8,3,2723.674487986153,0.5201784298749021,14.0,503.1041666666662,interpolation,0 days 00:00:42.779000,42.779,3262.561,0.0
2023-11-25 14:39:22.665,0 days 00:54:22.661000,-1383.1871944278914,107.00522783022475,-208.4465415795084,OnTrack,138.4,10993.8,90.8,0.0,8,3,2727.535699398858,0.5209158597325946,14.0,507.3441666666662,interpolation,0 days 00:00:42.879000,42.879,3262.661,0.0
2023-11-25 14:39:22.765,0 days 00:54:22.761000,-1370.9292537919837,57.16260554938584,-207.86305742929983,OnTrack,144.2,11378.4,95.4,0.0,8,3,2731.539211702723,0.5216804667931649,14.0,511.5841666666663,interpolation,0 days 00:00:42.979000,42.979,3262.761,0.0
2023-11-25 14:39:22.865,0 days 00:54:22.861000,-1359.956686260084,11.988680493854009,-207.3480445644414,OnTrack,150.0,11763.0,100.0,0.0,8,3,2735.7197222222226,0.5224788776927421,14.0,515.8241666666663,interpolation,0 days 00:00:43.079000,43.079,3262.861,0.0
2023-11-25 14:39:22.965,0 days 00:54:22.961000,-1351.0,-25.0,-207.0,OnTrack,153.66666666666666,11482.333333333334,100.0,0.0,8,3,2740.077230957354,0.5233110924313261,14.0,520.2686111111108,interpolation,0 days 00:00:43.179000,43.179,3262.961,0.0
2023-11-25 14:39:23.065,0 days 00:54:23.061000,-1344.0591950117314,-53.80343593217621,-206.8189237359758,OnTrack,157.33333333333334,11201.666666666666,100.0,0.0,8,3,2744.6903587796287,0.5241921263426791,14.0,524.7130555555553,interpolation,0 days 00:00:43.279000,43.279,3263.061,0.0
2023-11-25 14:39:23.165,0 days 00:54:23.161000,-1339.134271295278,-74.42162730267462,-206.80481577236864,OnTrack,161.0,10921.0,100.0,0.0,8,3,2750.0308333333337,0.5252120718906462,14.0,529.1574999999998,interpolation,0 days 00:00:43.379000,43.379,3263.161,0.0
2023-11-25 14:39:23.265,0 days 00:54:23.261000,-1335.247041346238,-90.68796904808916,-206.92710416703972,OnTrack,169.0,11027.0,100.0,0.0,8,3,2756.1772762950604,0.5263859445627477,14.0,533.6908333333331,interpolation,0 days 00:00:43.479000,43.479,3263.261,0.0
2023-11-25 14:39:23.365,0 days 00:54:23.361000,-1326.5283500881765,-125.60294855027792,-207.0023563279825,OnTrack,177.0,11133.0,100.0,0.0,8,3,2761.830833333333,0.5274656838768063,14.0,538.2241666666664,interpolation,0 days 00:00:43.579000,43.579,3263.361,0.0
2023-11-25 14:39:23.465,0 days 00:54:23.461000,-1312.0,-183.0,-207.0,OnTrack,180.0,11419.333333333334,100.0,0.0,8,4,2765.6926501166777,0.5282032293506451,14.0,541.0908333333331,interpolation,0 days 00:00:43.679000,43.679,3263.461,0.0
2023-11-25 14:39:23.565,0 days 00:54:23.561000,-1293.0,-257.0,-207.0,OnTrack,183.0,11705.666666666666,100.0,0.0,8,4,2768.450481260927,0.5287299311576354,14.0,543.9574999999996,interpolation,0 days 00:00:43.779000,43.779,3263.561,0.0
2023-11-25 14:39:23.665,0 days 00:54:23.661000,-1277.556362494433,-312.32838877280017,-207.48214277291945,OnTrack,186.0,11992.0,100.0,0.0,8,4,2774.230833333333,0.5298338863029405,14.0,546.8241666666663,interpolation,0 days 00:00:43.879000,43.879,3263.661,0.0
2023-11-25 14:39:23.765,0 days 00:54:23.761000,-1265.0,-354.0,-208.0,OnTrack,194.0,11432.0,100.0,0.0,8,4,2782.853055555556,0.531480593366274,14.0,552.2019444444445,interpolation,0 days 00:00:43.979000,43.979,3263.761,0.0
2023-11-25 14:39:23.865,0 days 00:54:23.861000,-1253.3238298162516,-392.9087305585393,-208.02717936441104,OnTrack,197.5,11190.0,100.0,0.0,8,4,2789.106784495076,0.532674955950706,14.0,555.368611111111,interpolation,0 days 00:00:44.079000,44.079,3263.861,0.0
2023-11-25 14:39:23.965,0 days 00:54:23.961000,-1239.0,-437.0,-208.0,OnTrack,201.0,10948.0,100.0,0.0,8,4,2794.0197222222223,0.5336132487769056,14.0,558.5352777777775,interpolation,0 days 00:00:44.179000,44.179,3263.961,0.0
2023-11-25 14:39:24.065,0 days 00:54:24.061000,-1218.5006586080567,-494.2192278759641,-208.3547810406145,OnTrack,203.33333333333331,11068.666666666666,100.0,0.0,8,5,2799.487960266576,0.5346575951158828,14.0,561.3612037037034,interpolation,0 days 00:00:44.279000,44.279,3264.061,0.0
2023-11-25 14:39:24.165,0 days 00:54:24.161000,-1191.8258056404225,-564.5664141864319,-209.0915224862547,OnTrack,205.66666666666663,11189.333333333334,100.0,0.0,8,5,2805.3011826539364,0.5357678279676094,14.0,564.1871296296293,interpolation,0 days 00:00:44.379000,44.379,3264.161,0.0
2023-11-25 14:39:24.265,0 days 00:54:24.261000,-1164.4880498525768,-634.3803934036835,-210.0325026887675,OnTrack,208.0,11310.0,100.0,0.0,8,5,2810.1975,0.5367029465658407,14.0,567.0130555555552,interpolation,0 days 00:00:44.479000,44.479,3264.261,0.0
2023-11-25 14:39:24.365,0 days 00:54:24.361000,-1142.0,-690.0,-211.0,OnTrack,209.5,11560.5,100.0,0.0,8,5,2813.966598484193,0.5374227843218572,14.0,569.3908333333329,pos,0 days 00:00:44.579000,44.579,3264.361,0.0
2023-11-25 14:39:24.465,0 days 00:54:24.461000,-1124.3616560826918,-731.4252339753809,-211.99401441995224,OnTrack,211.0,11811.0,100.0,0.0,8,5,2819.5752777777784,0.5384939527017344,14.0,571.7686111111107,interpolation,0 days 00:00:44.679000,44.679,3264.461,0.0
2023-11-25 14:39:24.565,0 days 00:54:24.561000,-1104.0,-776.0,-213.0,OnTrack,211.0,11251.0,100.0,0.0,8,5,2828.953055555556,0.5402849588376281,14.0,576.5686111111104,interpolation,0 days 00:00:44.779000,44.779,3264.561,0.0
2023-11-25 14:39:24.665,0 days 00:54:24.661000,-1073.3420136512725,-841.0682027440312,-214.0034107915192,OnTrack,215.0,11110.333333333334,100.0,0.0,8,5,2835.876271703931,0.5416071828117598,14.0,578.724166666666,interpolation,0 days 00:00:44.879000,44.879,3264.661,0.0
2023-11-25 14:39:24.765,0 days 00:54:24.761000,-1041.0,-907.0,-215.0,OnTrack,219.0,10969.666666666666,100.0,0.0,8,5,2839.815714052768,0.5423595535317702,14.0,580.8797222222215,interpolation,0 days 00:00:44.979000,44.979,3264.761,0.0
2023-11-25 14:39:24.865,0 days 00:54:24.861000,-1015.5862620096744,-954.1655495604324,-215.9855208309326,OnTrack,223.0,10829.0,100.0,0.0,8,5,2843.819722222223,0.5431242552947675,14.0,583.0352777777771,interpolation,0 days 00:00:45.079000,45.079,3264.861,0.0
2023-11-25 14:39:24.965,0 days 00:54:24.961000,-985.0,-1005.0,-217.0,OnTrack,226.66666666666663,10829.0,100.0,0.0,8,6,2848.39635021441,0.5439983183201396,14.0,585.2908333333326,interpolation,0 days 00:00:45.179000,45.179,3264.961,0.0
2023-11-25 14:39:25.065,0 days 00:54:25.061000,-937.1404142906816,-1081.9384998933742,-218.08346422288517,OnTrack,230.33333333333331,10829.0,100.0,0.0,8,6,2853.851403269429,0.5450401465362351,14.0,587.546388888888,interpolation,0 days 00:00:45.279000,45.279,3265.061,0.0
2023-11-25 14:39:25.165,0 days 00:54:25.161000,-876.607379274446,-1177.7446192023424,-219.18509690056703,OnTrack,234.0,10829.0,100.0,0.0,8,6,2862.019722222223,0.5466001653073195,14.0,589.8019444444435,interpolation,0 days 00:00:45.379000,45.379,3265.161,0.0
2023-11-25 14:39:25.265,0 days 00:54:25.261000,-831.0,-1249.0,-220.0,OnTrack,236.0,11290.0,100.0,0.0,8,6,2872.508611111112,0.5486033759616838,14.0,593.5797222222213,interpolation,0 days 00:00:45.479000,45.479,3265.261,0.0
2023-11-25 14:39:25.365,0 days 00:54:25.361000,-804.9181037575981,-1288.468286348798,-220.4773574425224,OnTrack,238.6,11222.0,100.0,0.0,8,6,2881.127022478511,0.5502493552124659,14.0,595.3152777777768,interpolation,0 days 00:00:45.579000,45.579,3265.361,0.0
2023-11-25 14:39:25.465,0 days 00:54:25.461000,-794.4360639057667,-1302.1446160408393,-220.68167619052352,OnTrack,241.2,11154.0,100.0,0.0,8,6,2887.1764448384592,0.5514046984954933,14.0,597.0508333333323,interpolation,0 days 00:00:45.679000,45.679,3265.461,0.0
2023-11-25 14:39:25.565,0 days 00:54:25.561000,-776.0,-1326.0,-221.0,OnTrack,243.8,11086.0,100.0,0.0,8,6,2891.178126988817,0.5521689560259043,14.0,598.7863888888878,interpolation,0 days 00:00:45.779000,45.779,3265.561,0.0
2023-11-25 14:39:25.665,0 days 00:54:25.661000,-745.6842452002016,-1366.029637408908,-221.49683649389587,OnTrack,246.4,11018.0,100.0,0.0,8,6,2896.259545704045,0.5531394260363565,14.0,600.5219444444433,interpolation,0 days 00:00:45.879000,45.879,3265.661,0.0
2023-11-25 14:39:25.765,0 days 00:54:25.761000,-704.4428402163184,-1420.4988920604733,-222.1692914917828,OnTrack,249.0,10950.0,100.0,0.0,8,6,2902.941944444445,0.5544156577225994,14.0,602.2574999999988,interpolation,0 days 00:00:45.979000,45.979,3265.761,0.0
2023-11-25 14:39:25.865,0 days 00:54:25.861000,-658.0,-1479.0,-223.0,OnTrack,251.0,10780.0,100.0,0.0,12,6,2911.225323210016,0.5559976510846328,14.0,604.4815277777766,interpolation,0 days 00:00:46.079000,46.079,3265.861,1.0
2023-11-25 14:39:25.965,0 days 00:54:25.961000,-607.3097554918668,-1539.798342782983,-223.98606786775545,OnTrack,253.0,10610.0,100.0,0.0,12,6,2919.7383333333346,0.5576235003771931,14.0,606.7055555555544,interpolation,0 days 00:00:46.179000,46.179,3265.961,1.0
2023-11-25 14:39:26.065,0 days 00:54:26.061000,-554.2402054709911,-1600.9731788678732,-225.080352846864,OnTrack,255.0,10723.0,100.0,0.0,12,6,2927.109626146976,0.5590312998550167,14.0,608.4555555555544,interpolation,0 days 00:00:46.279000,46.279,3266.061,1.0
2023-11-25 14:39:26.165,0 days 00:54:26.161000,-510.0,-1651.0,-226.0,OnTrack,257.0,10836.0,100.0,0.0,12,6,2934.016111111112,0.560350328439543,14.0,610.2055555555544,interpolation,0 days 00:00:46.379000,46.379,3266.161,1.0
2023-11-25 14:39:26.265,0 days 00:54:26.261000,-476.4572569873958,-1687.958044969322,-226.6978665962394,OnTrack,259.0,10890.5,100.0,0.0,12,7,2941.1346976859154,0.5617098650522121,14.0,610.5111111111099,interpolation,0 days 00:00:46.479000,46.479,3266.261,1.0
2023-11-25 14:39:26.365,0 days 00:54:26.361000,-420.0,-1745.0,-227.0,OnTrack,261.0,10945.0,100.0,0.0,12,7,2948.4653858713864,0.5631099096930238,14.0,610.8166666666655,pos,0 days 00:00:46.579000,46.579,3266.361,1.0
2023-11-25 14:39:26.465,0 days 00:54:26.461000,-326.0,-1837.0,-227.0,OnTrack,263.0,10999.5,100.0,0.0,12,7,2955.9325477878315,0.5645360186419642,14.0,611.122222222221,interpolation,0 days 00:00:46.679000,46.679,3266.461,1.0
2023-11-25 14:39:26.565,0 days 00:54:26.561000,-294.0,-1868.0,-228.0,OnTrack,265.0,11054.0,100.0,0.0,12,7,2963.4605555555568,0.5659737481790196,14.0,611.4277777777766,interpolation,0 days 00:00:46.779000,46.779,3266.561,1.0
2023-11-25 14:39:26.665,0 days 00:54:26.661000,-256.8224356838043,-1902.0037869044752,-228.44842831032145,OnTrack,266.75,11137.5,100.0,0.0,12,7,2971.0494091745627,0.5674230983041895,14.0,610.2333333333321,interpolation,0 days 00:00:46.879000,46.879,3266.661,1.0
2023-11-25 14:39:26.765,0 days 00:54:26.761000,-202.23446108348,-1950.8179522796097,-228.17754234863872,OnTrack,268.5,11221.0,100.0,0.0,12,7,2978.6991086448497,0.5688840690174743,14.0,609.0388888888876,interpolation,0 days 00:00:46.979000,46.979,3266.761,1.0
2023-11-25 14:39:26.865,0 days 00:54:26.861000,-143.0,-2003.0,-228.0,OnTrack,270.25,11304.5,100.0,0.0,12,7,2986.2850871260453,0.5703328700371332,14.0,607.8444444444432,interpolation,0 days 00:00:47.079000,47.079,3266.861,1.0
2023-11-25 14:39:26.965,0 days 00:54:26.961000,-81.24636217499656,-2056.6428571423253,-228.0512435517797,OnTrack,272.0,11388.0,100.0,0.0,12,7,2993.682777777779,0.5717457110814257,14.0,606.6499999999987,interpolation,0 days 00:00:47.179000,47.179,3266.961,1.0
2023-11-25 14:39:27.065,0 days 00:54:27.061000,-18.620035732835607,-2110.378639520894,-228.23793017185653,OnTrack,273.5,11421.0,100.0,0.0,12,7,3000.89218060005,0.5731225921503514,14.0,605.1499999999987,interpolation,0 days 00:00:47.279000,47.279,3267.061,1.0
2023-11-25 14:39:27.165,0 days 00:54:27.161000,35.0,-2156.0,-228.0,OnTrack,275.0,11454.0,100.0,0.0,12,7,3007.913295592858,0.5744635132439108,14.0,603.6499999999987,interpolation,0 days 00:00:47.379000,47.379,3267.161,1.0
2023-11-25 14:39:27.265,0 days 00:54:27.261000,77.96724003901973,-2192.1390403867463,-227.24410924825332,OnTrack,276.5,11487.0,100.0,0.0,12,7,3014.769151678127,0.5757728725192625,14.0,602.1499999999987,interpolation,0 days 00:00:47.479000,47.479,3267.261,1.0
2023-11-25 14:39:27.365,0 days 00:54:27.361000,141.0,-2245.0,-227.0,OnTrack,278.0,11520.0,100.0,0.0,12,7,3021.482777777779,0.5770550681335653,14.0,600.6499999999987,car,0 days 00:00:47.579000,47.579,3267.361,1.0
2023-11-25 14:39:27.465,0 days 00:54:27.461000,242.0,-2330.0,-228.0,OnTrack,279.5,11237.0,100.0,0.0,12,7,3028.0541738918164,0.5783101000868196,14.0,598.8999999999985,interpolation,0 days 00:00:47.679000,47.679,3267.461,1.0
2023-11-25 14:39:27.565,0 days 00:54:27.561000,304.06727331955824,-2382.416000053574,-228.4596140799129,OnTrack,281.0,10954.0,100.0,0.0,12,7,3037.0938888888904,0.5800365416180804,14.0,597.1499999999983,car,0 days 00:00:47.779000,47.779,3267.561,1.0
2023-11-25 14:39:27.665,0 days 00:54:27.661000,325.61244826191506,-2400.890259970497,-228.20748750006024,OnTrack,282.0,10632.0,100.0,0.0,12,7,3049.7055555555567,0.5824451690049832,14.0,593.3933333333321,interpolation,0 days 00:00:47.879000,47.879,3267.661,1.0
2023-11-25 14:39:27.765,0 days 00:54:27.761000,374.0,-2442.0,-228.0,OnTrack,283.5,10595.0,100.0,0.0,12,7,3056.8476311066,0.5838091916378554,14.0,591.3933333333321,pos,0 days 00:00:47.979000,47.979,3267.761,1.0
2023-11-25 14:39:27.865,0 days 00:54:27.861000,460.45739854708495,-2515.1748051296,-227.96321551510363,OnTrack,285.0,10558.0,100.0,0.0,12,7,3062.372222222224,0.5848643005155505,14.0,589.3933333333321,interpolation,0 days 00:00:48.079000,48.079,3267.861,1.0
2023-11-25 14:39:27.965,0 days 00:54:27.961000,555.0,-2595.0,-228.0,OnTrack,286.5,10605.5,100.0,0.0,12,8,3071.6383670956275,0.5866339865453978,14.0,586.026666666665,interpolation,0 days 00:00:48.179000,48.179,3267.961,1.0
2023-11-25 14:39:28.065,0 days 00:54:28.061000,627.6431604555755,-2656.0609092519057,-228.01321940931788,OnTrack,288.0,10653.0,100.0,0.0,12,8,3081.572222222224,0.5885311945947261,14.0,582.659999999998,interpolation,0 days 00:00:48.279000,48.279,3268.061,1.0
2023-11-25 14:39:28.165,0 days 00:54:28.161000,680.6945368600636,-2700.3697763203904,-228.00632231024852,OnTrack,289.0,10674.666666666666,100.0,0.0,12,8,3089.0999440974247,0.5899688695308645,14.0,580.1933333333315,interpolation,0 days 00:00:48.379000,48.379,3268.161,1.0
2023-11-25 14:39:28.265,0 days 00:54:28.261000,728.0,-2740.0,-228.0,OnTrack,290.0,10696.333333333334,100.0,0.0,12,8,3094.6698905384505,0.5910326405530479,14.0,577.726666666665,interpolation,0 days 00:00:48.479000,48.479,3268.261,1.0
2023-11-25 14:39:28.365,0 days 00:54:28.361000,771.8671831913506,-2776.9638031205423,-227.99770101045027,OnTrack,291.0,10718.0,100.0,0.0,12,8,3100.9722222222235,0.5922362854872265,14.0,575.2599999999984,interpolation,0 days 00:00:48.579000,48.579,3268.361,1.0
2023-11-25 14:39:28.465,0 days 00:54:28.461000,813.2642264930424,-2812.050944354696,-227.99885056651163,OnTrack,292.5,10763.5,100.0,0.0,12,8,3108.455301557171,0.5936654344094827,14.0,571.9544444444427,interpolation,0 days 00:00:48.679000,48.679,3268.461,1.0
2023-11-25 14:39:28.565,0 days 00:54:28.561000,858.0,-2850.0,-228.0,OnTrack,294.0,10809.0,100.0,0.0,12,8,3117.305555555557,0.5953556919087475,14.0,568.6488888888871,pos,0 days 00:00:48.779000,48.779,3268.561,1.0
2023-11-25 14:39:28.665,0 days 00:54:28.661000,907.042653684955,-2891.600736816303,-228.00057452994184,OnTrack,295.0,10888.5,100.0,0.0,12,8,3127.7094112296472,0.5973426625739516,14.0,564.4155555555535,interpolation,0 days 00:00:48.879000,48.879,3268.661,1.0
2023-11-25 14:39:28.765,0 days 00:54:28.761000,963.4979090833056,-2939.435690956198,-228.0005742808725,OnTrack,296.0,10968.0,100.0,0.0,12,8,3137.0388888888906,0.5991244441567891,14.0,560.1822222222199,interpolation,0 days 00:00:48.979000,48.979,3268.761,1.0
2023-11-25 14:39:28.865,0 days 00:54:28.861000,1046.0,-3009.0,-228.0,OnTrack,296.5,10970.5,100.0,0.0,12,8,3142.666008842737,0.6001991344089543,14.0,557.3377777777757,pos,0 days 00:00:49.079000,49.079,3268.861,1.0
2023-11-25 14:39:28.965,0 days 00:54:28.961000,1147.0,-3094.0,-228.0,OnTrack,297.0,10973.0,100.0,0.0,12,8,3150.2388888888904,0.6016454338362223,14.0,554.4933333333315,interpolation,0 days 00:00:49.179000,49.179,3268.961,1.0
2023-11-25 14:39:29.065,0 days 00:54:29.061000,1202.5705393839337,-3141.178921699721,-228.00746337445105,OnTrack,299.0,11003.0,100.0,0.0,12,8,3163.52777777778,0.6041833998771333,14.0,548.8933333333312,interpolation,0 days 00:00:49.279000,49.279,3269.061,1.0
2023-11-25 14:39:29.165,0 days 00:54:29.161000,1254.0,-3185.0,-228.0,OnTrack,300.0,11064.0,100.0,0.0,12,8,3171.265403537427,0.6056611631107234,14.0,546.1377777777759,interpolation,0 days 00:00:49.379000,49.379,3269.161,1.0
2023-11-25 14:39:29.265,0 days 00:54:29.261000,1353.231270761698,-3268.8025525653884,-227.95407157690943,OnTrack,301.0,11125.0,100.0,0.0,12,8,3176.905555555557,0.6067383422795217,14.0,543.3822222222207,interpolation,0 days 00:00:49.479000,49.479,3269.261,1.0
2023-11-25 14:39:29.365,0 days 00:54:29.361000,1459.0,-3358.0,-228.0,OnTrack,302.0,11146.0,100.0,0.0,12,8,3185.77991149664,0.6084332028658161,14.0,539.4488888888873,interpolation,0 days 00:00:49.579000,49.579,3269.361,1.0
2023-11-25 14:39:29.465,0 days 00:54:29.461000,1530.041836045879,-3418.0057629079483,-228.2681071640924,OnTrack,303.0,11167.0,100.0,0.0,12,8,3197.2300647644784,0.6106199997003731,14.0,535.5155555555539,interpolation,0 days 00:00:49.679000,49.679,3269.461,1.0
2023-11-25 14:39:29.565,0 days 00:54:29.561000,1571.4740376372563,-3453.10405200775,-228.70607536668916,OnTrack,304.0,11188.0,100.0,0.0,12,8,3207.305555555557,0.6125442579048832,14.0,531.5822222222205,interpolation,0 days 00:00:49.779000,49.779,3269.561,1.0
2023-11-25 14:39:29.665,0 days 00:54:29.661000,1614.0,-3489.0,-229.0,OnTrack,304.6,11219.6,100.0,0.0,12,8,3215.347970531557,0.6140802310224753,14.0,528.966666666665,interpolation,0 days 00:00:49.879000,49.879,3269.661,1.0
2023-11-25 14:39:29.765,0 days 00:54:29.761000,1662.73692947157,-3529.9777737331224,-229.09756389725808,OnTrack,305.2,11251.2,100.0,0.0,12,8,3221.3573096924806,0.6152279190531498,14.0,526.3511111111095,interpolation,0 days 00:00:49.979000,49.979,3269.761,1.0
2023-11-25 14:39:29.865,0 days 00:54:29.861000,1719.702186972552,-3577.5730570295223,-229.03169922565277,OnTrack,305.8,11282.8,100.0,0.0,12,8,3226.039206367761,0.616122086719707,14.0,523.7355555555539,interpolation,0 days 00:00:50.079000,50.079,3269.861,1.0
2023-11-25 14:39:29.965,0 days 00:54:29.961000,1797.0,-3641.0,-229.0,OnTrack,306.4,11314.4,100.0,0.0,12,8,3233.6274822111423,0.6175713264989385,14.0,521.1199999999984,interpolation,0 days 00:00:50.179000,50.179,3269.961,1.0
2023-11-25 14:39:30.065,0 days 00:54:30.061000,1896.6477501323825,-3721.7943021924457,-229.0353987247165,OnTrack,307.0,11346.0,100.0,0.0,12,8,3244.827777777779,0.6197104044936425,14.0,518.5044444444429,interpolation,0 days 00:00:50.279000,50.279,3270.061,1.0
2023-11-25 14:39:30.165,0 days 00:54:30.161000,1991.0,-3798.0,-229.0,OnTrack,309.0,11353.0,100.0,0.0,12,8,3258.5611111111125,0.6223332523419417,14.0,513.7488888888874,interpolation,0 days 00:00:50.379000,50.379,3270.161,1.0
2023-11-25 14:39:30.265,0 days 00:54:30.261000,2052.4113122331546,-3847.661129815804,-228.75590842604856,OnTrack,310.0,11368.5,100.0,0.0,12,8,3268.353623618001,0.624203466202971,14.0,510.8322222222209,interpolation,0 days 00:00:50.479000,50.479,3270.261,1.0
2023-11-25 14:39:30.365,0 days 00:54:30.361000,2080.8816868318463,-3870.777691639859,-228.30312400286223,OnTrack,311.0,11384.0,100.0,0.0,12,8,3275.83888888889,0.6256330326041627,14.0,507.9155555555544,interpolation,0 days 00:00:50.579000,50.579,3270.361,1.0
2023-11-25 14:39:30.465,0 days 00:54:30.461000,2114.161218014615,-3895.505407643984,-227.94877757824477,OnTrack,311.3333333333333,11419.666666666666,100.0,0.0,12,8,3283.7294514220685,0.627140004324698,14.0,505.3748148148137,interpolation,0 days 00:00:50.679000,50.679,3270.461,1.0
2023-11-25 14:39:30.565,0 days 00:54:30.561000,2190.0,-3950.0,-228.0,OnTrack,311.6666666666667,11455.333333333334,100.0,0.0,12,8,3291.9563206798543,0.6287112052711317,14.0,502.8340740740729,interpolation,0 days 00:00:50.779000,50.779,3270.561,1.0
2023-11-25 14:39:30.665,0 days 00:54:30.661000,2308.3980327880017,-4034.261468707907,-228.456791268128,OnTrack,312.0,11491.0,100.0,0.0,12,8,3300.1055555555567,0.6302675792875653,14.0,500.29333333333216,interpolation,0 days 00:00:50.879000,50.879,3270.661,1.0
2023-11-25 14:39:30.765,0 days 00:54:30.761000,2431.0,-4121.0,-229.0,OnTrack,312.3333333333333,11511.333333333334,100.0,0.0,12,8,3308.108166217955,0.6317959504154764,14.0,497.8303703703693,interpolation,0 days 00:00:50.979000,50.979,3270.761,1.0
2023-11-25 14:39:30.865,0 days 00:54:30.861000,2519.4505852573743,-4182.925780108572,-229.31047481298745,OnTrack,312.6666666666667,11531.666666666666,100.0,0.0,12,8,3316.0504284944664,0.6333127959632369,14.0,495.3674074074064,interpolation,0 days 00:00:51.079000,51.079,3270.861,1.0
2023-11-25 14:39:30.965,0 days 00:54:30.961000,2573.749788560126,-4220.038809033624,-229.38821570709027,OnTrack,313.0,11552.0,100.0,0.0,12,8,3324.450000000001,0.6349169802872607,14.0,492.9044444444434,interpolation,0 days 00:00:51.179000,51.179,3270.961,1.0
2023-11-25 14:39:31.065,0 days 00:54:31.061000,2599.748021675255,-4236.439014433483,-229.2642211602946,OnTrack,313.5,11553.0,100.0,0.0,12,8,3333.3931574454477,0.6366249808646485,14.0,490.4044444444434,interpolation,0 days 00:00:51.279000,51.279,3271.061,1.0
2023-11-25 14:39:31.165,0 days 00:54:31.161000,2632.5479349300385,-4256.72608820834,-229.1244829927938,OnTrack,314.0,11554.0,100.0,0.0,12,8,3341.894444444446,0.6382485912272526,14.0,487.9044444444434,interpolation,0 days 00:00:51.379000,51.379,3271.161,1.0
2023-11-25 14:39:31.265,0 days 00:54:31.261000,2678.0,-4285.0,-229.0,OnTrack,315.0,11584.5,100.0,0.0,12,8,3348.96840461064,0.6395996049069266,14.0,485.8822222222213,interpolation,0 days 00:00:51.479000,51.479,3271.261,1.0
2023-11-25 14:39:31.365,0 days 00:54:31.361000,2736.10421688514,-4321.260749808462,-228.89077218191323,OnTrack,316.0,11615.0,100.0,0.0,12,8,3355.9388888888902,0.6409308563407237,14.0,483.8599999999992,interpolation,0 days 00:00:51.579000,51.579,3271.361,1.0
2023-11-25 14:39:31.465,0 days 00:54:31.461000,2813.0,-4368.0,-229.0,OnTrack,316.5,11626.5,100.0,0.0,12,8,3364.129748224057,0.6424951799656968,14.0,481.4155555555549,interpolation,0 days 00:00:51.679000,51.679,3271.461,1.0
2023-11-25 14:39:31.565,0 days 00:54:31.561000,2914.8267637591207,-4427.709412940892,-229.5308839157269,OnTrack,317.0,11638.0,100.0,0.0,12,8,3373.550000000001,0.644294297958486,14.0,478.9711111111105,interpolation,0 days 00:00:51.779000,51.779,3271.561,1.0
2023-11-25 14:39:31.665,0 days 00:54:31.661000,2995.0,-4474.0,-230.0,OnTrack,317.3333333333333,11657.0,100.0,0.0,12,8,3384.208661600585,0.6463299324957317,14.0,476.304444444444,interpolation,0 days 00:00:51.879000,51.879,3271.661,1.0
2023-11-25 14:39:31.765,0 days 00:54:31.761000,3026.0,-4491.0,-230.0,OnTrack,317.6666666666667,11676.0,100.0,0.0,12,8,3395.673374408288,0.64851950997042,14.0,473.6377777777775,pos,0 days 00:00:51.979000,51.979,3271.761,1.0
2023-11-25 14:39:31.865,0 days 00:54:31.861000,3122.21497472966,-4541.812454575649,-229.98733563633547,OnTrack,318.0,11695.0,100.0,0.0,12,8,3405.3500000000013,0.6503675912771206,14.0,470.971111111111,interpolation,0 days 00:00:52.079000,52.079,3271.861,1.0
2023-11-25 14:39:31.965,0 days 00:54:31.961000,3245.0,-4605.0,-230.0,OnTrack,318.5,11704.5,100.0,0.0,12,8,3412.806184185537,0.6517916036543696,14.0,469.2377777777776,interpolation,0 days 00:00:52.179000,52.179,3271.961,1.0
2023-11-25 14:39:32.065,0 days 00:54:32.061000,3336.645547404726,-4648.608152788154,-229.999911284724,OnTrack,319.0,11714.0,100.0,0.0,12,8,3419.5277777777787,0.6530753209328081,14.0,467.5044444444443,interpolation,0 days 00:00:52.279000,52.279,3272.061,1.0
2023-11-25 14:39:32.165,0 days 00:54:32.161000,3414.0,-4683.0,-230.0,OnTrack,319.2,11726.8,100.0,0.0,12,8,3427.000631589613,0.6545025169430769,14.0,465.58444444444433,interpolation,0 days 00:00:52.379000,52.379,3272.161,1.0
2023-11-25 14:39:32.265,0 days 00:54:32.261000,3493.9117408419847,-4718.538628695427,-230.0131966553207,OnTrack,319.4,11739.6,100.0,0.0,12,8,3435.2247456210425,0.6560731916851765,14.0,463.6644444444443,interpolation,0 days 00:00:52.479000,52.479,3272.261,1.0
2023-11-25 14:39:32.365,0 days 00:54:32.361000,3569.0,-4752.0,-230.0,OnTrack,319.6,11752.4,100.0,0.0,12,8,3444.111711326407,0.6577704605355327,14.0,461.7444444444444,interpolation,0 days 00:00:52.579000,52.579,3272.361,1.0
2023-11-25 14:39:32.465,0 days 00:54:32.461000,3631.8840075433673,-4780.160075039281,-229.92090878335165,OnTrack,319.8,11765.2,100.0,0.0,12,8,3453.131080147661,0.6594930162713951,14.0,459.82444444444434,interpolation,0 days 00:00:52.679000,52.679,3272.461,1.0
2023-11-25 14:39:32.565,0 days 00:54:32.561000,3689.4483127728063,-4805.954826465582,-229.8242517629959,OnTrack,320.0,11778.0,100.0,0.0,12,8,3462.1944444444457,0.6612239744420874,14.0,457.9044444444444,interpolation,0 days 00:00:52.779000,52.779,3272.561,1.0
2023-11-25 14:39:32.665,0 days 00:54:32.661000,3783.0,-4847.0,-230.0,OnTrack,321.0,11792.0,100.0,0.0,12,8,3471.3018042167614,0.6629633350476095,14.0,455.8591666666666,interpolation,0 days 00:00:52.879000,52.879,3272.661,1.0
2023-11-25 14:39:32.765,0 days 00:54:32.761000,3919.423548028245,-4906.231538230642,-230.49648175710024,OnTrack,322.0,11806.0,100.0,0.0,12,8,3479.99388888889,0.6646233847257305,14.0,453.81388888888887,car,0 days 00:00:52.979000,52.979,3272.761,1.0
2023-11-25 14:39:32.865,0 days 00:54:32.861000,4054.0,-4964.0,-231.0,OnTrack,322.0,11821.0,100.0,0.0,12,8,3487.811427885117,0.6661164101142195,14.0,451.8972222222221,interpolation,0 days 00:00:53.079000,53.079,3272.861,1.0
2023-11-25 14:39:32.965,0 days 00:54:32.961000,4142.010399057728,-5000.655944150564,-231.19685769440247,OnTrack,322.0,11836.0,100.0,0.0,12,8,3497.882777777779,0.6680398774731106,14.0,449.9805555555554,car,0 days 00:00:53.179000,53.179,3272.961,1.0
2023-11-25 14:39:33.065,0 days 00:54:33.061000,4189.973274236873,-5019.129329615229,-231.1236556667415,OnTrack,322.0,11825.0,100.0,0.0,12,8,3512.19388888889,0.6707730716710145,14.0,447.0916666666667,interpolation,0 days 00:00:53.279000,53.279,3273.061,1.0
2023-11-25 14:39:33.165,0 days 00:54:33.161000,4237.0,-5037.0,-231.0,OnTrack,319.2,11676.4,81.4,0.0,12,8,3523.890288621666,0.6730068976568367,14.0,445.96722222222206,interpolation,0 days 00:00:53.379000,53.379,3273.161,1.0
2023-11-25 14:39:33.265,0 days 00:54:33.261000,4289.609172132635,-5057.197944240708,-230.8624918954061,OnTrack,316.4,11527.8,62.8,0.0,12,8,3531.829559027483,0.674523171804965,14.0,444.8427777777774,interpolation,0 days 00:00:53.479000,53.479,3273.261,1.0
2023-11-25 14:39:33.365,0 days 00:54:33.361000,4352.403600178264,-5081.548095867554,-230.6504735489528,OnTrack,313.6,11379.2,44.2,0.0,12,8,3536.6810524100047,0.6754497297403571,14.0,443.7183333333328,interpolation,0 days 00:00:53.579000,53.579,3273.361,1.0
2023-11-25 14:39:33.465,0 days 00:54:33.461000,4453.0,-5121.0,-230.0,OnTrack,310.8,11230.6,25.599999999999994,0.0,12,8,3542.460862028778,0.6765535812856616,14.0,442.59388888888816,interpolation,0 days 00:00:53.679000,53.679,3273.461,1.0
2023-11-25 14:39:33.565,0 days 00:54:33.561000,4585.0,-5173.0,-229.0,OnTrack,308.0,11082.0,7.0,1.0,8,8,3549.838333333335,0.6779625607568057,14.0,441.4694444444435,car,0 days 00:00:53.779000,53.779,3273.561,0.0
2023-11-25 14:39:33.665,0 days 00:54:33.661000,4682.397134079161,-5211.276801490657,-228.5479845596484,OnTrack,294.3333333333333,10729.666666666666,4.666666666666666,1.0,8,8,3558.8134663236738,0.6796766681537895,14.0,441.4694444444437,interpolation,0 days 00:00:53.879000,53.879,3273.661,0.0
2023-11-25 14:39:33.765,0 days 00:54:33.761000,4740.148207837737,-5233.837971637362,-228.7116866281772,OnTrack,280.6666666666667,10377.333333333334,2.333333333333333,1.0,8,8,3568.8286608711537,0.681589410736495,14.0,441.4694444444438,interpolation,0 days 00:00:53.979000,53.979,3273.761,0.0
2023-11-25 14:39:33.865,0 days 00:54:33.861000,4794.0,-5255.0,-229.0,OnTrack,267.0,10025.0,0.0,1.0,8,8,3576.538333333335,0.6830618353356593,14.0,441.469444444444,interpolation,0 days 00:00:54.079000,54.079,3273.861,0.0
2023-11-25 14:39:33.965,0 days 00:54:33.961000,4849.91027651613,-5277.14895595517,-229.33107405992905,OnTrack,256.5,10183.0,0.0,1.0,8,8,3581.3848892913697,0.6839874503016443,14.0,441.958333333333,interpolation,0 days 00:00:54.179000,54.179,3273.961,0.0
2023-11-25 14:39:34.065,0 days 00:54:34.061000,4907.778339662068,-5299.572880750466,-229.69140838247867,OnTrack,246.0,10341.0,0.0,1.0,8,8,3587.471666666668,0.685149927797412,14.0,442.4472222222221,interpolation,0 days 00:00:54.279000,54.279,3274.061,0.0
2023-11-25 14:39:34.165,0 days 00:54:34.161000,4967.0,-5318.0,-230.0,OnTrack,230.0,10470.0,0.0,1.0,8,8,3597.7577777777788,0.6871144111271555,14.0,444.1913888888889,interpolation,0 days 00:00:54.379000,54.379,3274.161,0.0
2023-11-25 14:39:34.265,0 days 00:54:34.261000,5027.474558774721,-5331.718347660878,-230.2433483487624,OnTrack,225.0,10673.666666666666,0.0,1.0,8,8,3605.377904158044,0.6885697338514453,14.0,445.66916666666674,interpolation,0 days 00:00:54.479000,54.479,3274.261,0.0
2023-11-25 14:39:34.365,0 days 00:54:34.361000,5089.202015986229,-5340.727923733095,-230.42145342876577,OnTrack,220.0,10877.333333333334,0.0,1.0,8,8,3609.775882698856,0.6894096776780937,14.0,447.1469444444445,interpolation,0 days 00:00:54.579000,54.579,3274.361,0.0
2023-11-25 14:39:34.465,0 days 00:54:34.461000,5149.328465204622,-5344.623537938765,-230.63883179438625,OnTrack,215.0,11081.0,0.0,1.0,8,8,3614.480000000001,0.6903080891301413,14.0,448.6247222222223,interpolation,0 days 00:00:54.679000,54.679,3274.461,0.0
2023-11-25 14:39:34.565,0 days 00:54:34.561000,5205.0,-5343.0,-231.0,OnTrack,210.0,11179.0,0.0,1.0,8,6,3620.07830081731,0.691377275386414,14.0,450.5136111111112,interpolation,0 days 00:00:54.779000,54.779,3274.561,0.0
2023-11-25 14:39:34.665,0 days 00:54:34.661000,5256.216620372365,-5335.857309916801,-231.50495804560703,OnTrack,205.0,11277.0,0.0,1.0,8,6,3625.8688888888896,0.6924831854444671,14.0,452.40250000000015,interpolation,0 days 00:00:54.879000,54.879,3274.661,0.0
2023-11-25 14:39:34.765,0 days 00:54:34.761000,5302.835534962317,-5323.971639969925,-232.1596788786171,OnTrack,200.8,11262.8,0.8,1.0,8,5,3631.149867952847,0.6934917683018565,14.0,454.8558333333335,interpolation,0 days 00:00:54.979000,54.979,3274.761,0.0
2023-11-25 14:39:34.865,0 days 00:54:34.861000,5344.0,-5312.0,-233.0,OnTrack,196.6,11248.6,1.6,1.0,8,5,3635.921238009185,0.6944030239585826,14.0,457.3091666666669,interpolation,0 days 00:00:55.079000,55.079,3274.861,0.0
2023-11-25 14:39:34.965,0 days 00:54:34.961000,5379.567225588192,-5300.718554339823,-234.0318942960029,OnTrack,192.4,11234.4,2.4000000000000004,1.0,8,5,3640.311980709799,0.695241585855044,14.0,459.7625000000003,interpolation,0 days 00:00:55.179000,55.179,3274.961,0.0
2023-11-25 14:39:35.065,0 days 00:54:35.061000,5427.0,-5278.0,-235.0,OnTrack,188.2,11220.2,3.2,1.0,8,5,3645.095982003767,0.6961552538768995,14.0,462.2158333333337,interpolation,0 days 00:00:55.279000,55.279,3275.061,0.0
2023-11-25 14:39:35.165,0 days 00:54:35.161000,5503.761111508531,-5231.717033991134,-235.6489553453656,OnTrack,184.0,11206.0,4.0,1.0,8,5,3650.402222222224,0.6971686612123026,14.0,464.669166666667,interpolation,0 days 00:00:55.379000,55.379,3275.161,0.0
2023-11-25 14:39:35.265,0 days 00:54:35.261000,5584.0,-5178.0,-236.0,OnTrack,179.5,10873.5,7.0,0.0,8,4,3656.230701365168,0.6982818078612537,14.0,468.0025000000003,interpolation,0 days 00:00:55.479000,55.479,3275.261,0.0
2023-11-25 14:39:35.365,0 days 00:54:35.361000,5641.866105360622,-5132.979241713371,-236.0743736318037,OnTrack,175.0,10541.0,10.0,0.0,8,4,3662.06888888889,0.6993968086562461,14.0,471.3358333333336,interpolation,0 days 00:00:55.579000,55.579,3275.361,0.0
2023-11-25 14:39:35.465,0 days 00:54:35.461000,5677.359427590398,-5096.654759131247,-235.8720762407766,OnTrack,173.25,10586.0,24.25,0.0,8,4,3667.40425424968,0.7004157784297733,14.0,474.2802777777781,interpolation,0 days 00:00:55.679000,55.679,3275.461,0.0
2023-11-25 14:39:35.565,0 days 00:54:35.561000,5693.255870239599,-5068.192190211614,-235.4489017382213,OnTrack,171.5,10631.0,38.5,0.0,8,4,3672.23679744754,0.7013387171818354,14.0,477.2247222222227,interpolation,0 days 00:00:55.779000,55.779,3275.561,0.0
2023-11-25 14:39:35.665,0 days 00:54:35.661000,5706.210769334411,-5042.585388333928,-235.13961187797048,OnTrack,169.75,10676.0,52.75000000000001,0.0,8,4,3676.652053032741,0.7021819606486803,14.0,480.16916666666725,interpolation,0 days 00:00:55.879000,55.879,3275.661,0.0
2023-11-25 14:39:35.765,0 days 00:54:35.761000,5719.0,-5019.0,-235.0,OnTrack,168.0,10721.0,67.0,0.0,8,4,3680.735555555557,0.7029618445665559,14.0,483.1136111111118,interpolation,0 days 00:00:55.979000,55.979,3275.761,0.0
2023-11-25 14:39:35.865,0 days 00:54:35.861000,5732.0,-4996.0,-235.0,OnTrack,168.0,10787.0,67.0,0.0,8,4,3684.487305015987,0.7036783689354623,14.0,485.4691666666674,interpolation,0 days 00:00:56.079000,56.079,3275.861,0.0
2023-11-25 14:39:35.965,0 days 00:54:35.961000,5747.469407480418,-4964.969192960099,-234.9592143284772,OnTrack,168.0,10853.0,67.0,0.0,8,4,3688.202222222224,0.7043878589306797,14.0,487.82472222222304,interpolation,0 days 00:00:56.179000,56.179,3275.961,0.0
2023-11-25 14:39:36.065,0 days 00:54:36.061000,5764.901803768957,-4924.192980136734,-234.7736782994504,OnTrack,169.5,10924.0,69.0,0.0,8,4,3692.175227982456,0.7051466397274885,14.0,490.2997222222231,interpolation,0 days 00:00:56.279000,56.279,3276.061,0.0
2023-11-25 14:39:36.165,0 days 00:54:36.161000,5779.0,-4872.0,-234.0,OnTrack,171.0,10995.0,71.0,0.0,8,4,3696.406322296685,0.7059547113258885,14.0,492.7747222222231,pos,0 days 00:00:56.379000,56.379,3276.161,0.0
2023-11-25 14:39:36.265,0 days 00:54:36.261000,5788.88112684234,-4808.111690868682,-232.5642803996108,OnTrack,172.5,11066.0,73.0,0.0,8,4,3700.8853665736833,0.7068101374164973,14.0,495.2497222222231,interpolation,0 days 00:00:56.479000,56.479,3276.261,0.0
2023-11-25 14:39:36.365,0 days 00:54:36.361000,5794.43494254625,-4735.389275217686,-230.61021806699284,OnTrack,174.0,11137.0,75.0,0.0,8,4,3705.602222222224,0.7077109816899326,14.0,497.7247222222232,interpolation,0 days 00:00:56.579000,56.579,3276.361,0.0
2023-11-25 14:39:36.465,0 days 00:54:36.461000,5795.0,-4671.0,-229.0,OnTrack,176.0,11254.5,76.5,0.0,8,4,3710.556889242305,0.7086572441461945,14.0,500.3636111111121,pos,0 days 00:00:56.679000,56.679,3276.461,0.0
2023-11-25 14:39:36.565,0 days 00:54:36.561000,5790.466058582738,-4617.805058391762,-227.8773232958764,OnTrack,178.0,11372.0,78.0,0.0,8,4,3715.491111111113,0.7095996019043229,14.0,503.00250000000096,interpolation,0 days 00:00:56.779000,56.779,3276.561,0.0
2023-11-25 14:39:36.665,0 days 00:54:36.661000,5781.710762061519,-4575.360210131135,-227.23167754869348,OnTrack,179.5,11448.0,80.0,0.0,8,4,3720.14663130583,0.7104887320833588,14.0,505.530277777779,interpolation,0 days 00:00:56.879000,56.879,3276.661,0.0
2023-11-25 14:39:36.765,0 days 00:54:36.761000,5774.0,-4541.0,-227.0,OnTrack,181.0,11524.0,82.0,0.0,8,4,3725.546666666668,0.7115200527964837,14.0,508.0580555555571,interpolation,0 days 00:00:56.979000,56.979,3276.761,0.0
2023-11-25 14:39:36.865,0 days 00:54:36.861000,5767.0,-4511.0,-227.0,OnTrack,184.0,11667.0,86.0,0.0,8,4,3732.714434033839,0.7128889821568787,14.0,510.6247222222237,interpolation,0 days 00:00:57.079000,57.079,3276.861,0.0
2023-11-25 14:39:36.965,0 days 00:54:36.961000,5753.4421739323225,-4465.679010238735,-226.2009914541476,OnTrack,187.0,11810.0,90.0,0.0,8,4,3740.0911111111127,0.7142978099432666,14.0,513.1913888888903,interpolation,0 days 00:00:57.179000,57.179,3276.961,0.0
2023-11-25 14:39:37.065,0 days 00:54:37.061000,5735.0,-4412.0,-225.0,OnTrack,189.2,11664.8,92.0,0.0,8,4,3746.117875602264,0.7154488259343704,14.0,512.4580555555568,interpolation,0 days 00:00:57.279000,57.279,3277.061,0.0
2023-11-25 14:39:37.165,0 days 00:54:37.161000,5714.558393963474,-4360.206155344312,-223.96583317039256,OnTrack,191.4,11519.6,94.0,0.0,8,4,3750.794727507292,0.7163420301301895,14.0,511.7247222222233,interpolation,0 days 00:00:57.379000,57.379,3277.161,0.0
2023-11-25 14:39:37.265,0 days 00:54:37.261000,5692.117355822749,-4310.297476271671,-223.0984909653253,OnTrack,193.6,11374.4,96.0,0.0,8,4,3754.424277722917,0.7170352163903845,14.0,510.9913888888898,interpolation,0 days 00:00:57.479000,57.479,3277.261,0.0
2023-11-25 14:39:37.365,0 days 00:54:37.361000,5664.867639770648,-4259.240059063195,-222.43190327759535,OnTrack,195.8,11229.2,98.0,0.0,8,4,3758.8222009256992,0.7178751496483509,14.0,510.2580555555563,interpolation,0 days 00:00:57.579000,57.579,3277.361,0.0
2023-11-25 14:39:37.465,0 days 00:54:37.461000,5630.0,-4204.0,-222.0,OnTrack,198.0,11084.0,100.0,0.0,8,4,3764.291111111113,0.718919624355561,14.0,509.52472222222286,interpolation,0 days 00:00:57.679000,57.679,3277.461,0.0
2023-11-25 14:39:37.565,0 days 00:54:37.561000,5587.514436510806,-4144.577299082088,-221.8027811325391,OnTrack,201.33333333333331,11210.333333333334,100.0,0.0,8,5,3770.831008279155,0.7201686405120147,14.0,507.6247222222229,interpolation,0 days 00:00:57.779000,57.779,3277.561,0.0
2023-11-25 14:39:37.665,0 days 00:54:37.661000,5539.445438094568,-4083.284840450107,-221.82775820361567,OnTrack,204.66666666666663,11336.666666666666,100.0,0.0,8,5,3778.216042928284,0.7215790644614624,14.0,505.72472222222297,interpolation,0 days 00:00:57.879000,57.879,3277.661,0.0
2023-11-25 14:39:37.765,0 days 00:54:37.761000,5498.0,-4034.0,-222.0,OnTrack,208.0,11463.0,100.0,0.0,8,5,3785.091111111113,0.7228920929413346,14.0,503.82472222222304,interpolation,0 days 00:00:57.979000,57.979,3277.761,0.0
2023-11-25 14:39:37.865,0 days 00:54:37.861000,5465.212631851879,-3999.0356855564746,-222.3070179222124,OnTrack,210.5,11579.5,100.0,0.0,8,5,3791.2303610133913,0.724064591853691,14.0,501.54694444444567,interpolation,0 days 00:00:58.079000,58.079,3277.861,0.0
2023-11-25 14:39:37.965,0 days 00:54:37.961000,5439.681983823058,-3976.384264190258,-222.7126582752797,OnTrack,213.0,11696.0,100.0,0.0,8,5,3796.924444444446,0.7251520710630487,14.0,499.2691666666683,interpolation,0 days 00:00:58.179000,58.179,3277.961,0.0
2023-11-25 14:39:38.065,0 days 00:54:38.061000,5413.0,-3954.0,-223.0,OnTrack,214.0,11611.6,100.0,0.0,8,5,3802.4640132136096,0.7262100404339252,14.0,496.82472222222384,interpolation,0 days 00:00:58.279000,58.279,3278.061,0.0
2023-11-25 14:39:38.165,0 days 00:54:38.161000,5383.765344905314,-3929.875280614489,-223.132889771612,OnTrack,215.0,11527.2,100.0,0.0,8,5,3807.849067320881,0.7272384999663208,14.0,494.3802777777794,interpolation,0 days 00:00:58.379000,58.379,3278.161,0.0
2023-11-25 14:39:38.265,0 days 00:54:38.261000,5351.978018538996,-3904.01010603372,-223.1113275901157,OnTrack,216.0,11442.8,100.0,0.0,8,5,3813.099276574396,0.7282412062801826,14.0,491.935833333335,interpolation,0 days 00:00:58.479000,58.479,3278.261,0.0
2023-11-25 14:39:38.365,0 days 00:54:38.361000,5304.70168290318,-3877.139878436092,-223.03410161356155,OnTrack,217.0,11358.4,100.0,0.0,8,5,3818.332660427214,0.7292406992105969,14.0,489.4913888888906,interpolation,0 days 00:00:58.579000,58.579,3278.361,0.0
2023-11-25 14:39:38.465,0 days 00:54:38.461000,5229.0,-3850.0,-223.0,OnTrack,218.0,11274.0,100.0,0.0,8,5,3823.568888888891,0.7302407354159788,14.0,487.0469444444461,interpolation,0 days 00:00:58.679000,58.679,3278.461,0.0
2023-11-25 14:39:38.565,0 days 00:54:38.561000,5131.0,-3824.0,-223.0,OnTrack,221.0,11045.5,100.0,0.0,8,5,3828.8079619594255,0.7312413148963284,14.0,483.824722222224,interpolation,0 days 00:00:58.779000,58.779,3278.561,0.0
2023-11-25 14:39:38.665,0 days 00:54:38.661000,5047.463675704728,-3807.597010782843,-222.9799653941532,OnTrack,224.0,10817.0,100.0,0.0,8,5,3836.013333333335,0.7326174260228518,14.0,480.6025000000018,interpolation,0 days 00:00:58.879000,58.879,3278.661,0.0
2023-11-25 14:39:38.765,0 days 00:54:38.761000,4981.166543491507,-3800.666029816199,-222.94723753752064,OnTrack,228.0,10911.0,100.0,0.0,8,5,3846.146666666669,0.7345527312313057,14.0,475.2691666666683,interpolation,0 days 00:00:58.979000,58.979,3278.761,0.0
2023-11-25 14:39:38.865,0 days 00:54:38.861000,4912.0,-3794.0,-223.0,OnTrack,229.33333333333331,10965.0,100.0,0.0,8,6,3853.197252503491,0.7358992807865016,14.0,472.4025000000018,interpolation,0 days 00:00:59.079000,59.079,3278.861,0.0
2023-11-25 14:39:38.965,0 days 00:54:38.961000,4836.612628496129,-3786.0644196742414,-223.15461662612427,OnTrack,230.66666666666663,11019.0,100.0,0.0,8,6,3856.893145886585,0.7366051375346127,14.0,469.53583333333535,interpolation,0 days 00:00:59.179000,59.179,3278.961,0.0
2023-11-25 14:39:39.065,0 days 00:54:39.061000,4755.004428979896,-3776.859288838925,-223.4110874158935,OnTrack,232.0,11073.0,100.0,0.0,8,6,3861.613333333335,0.7375066181284193,14.0,466.6691666666688,interpolation,0 days 00:00:59.279000,59.279,3279.061,0.0
2023-11-25 14:39:39.165,0 days 00:54:39.161000,4675.144014973715,-3766.724513584146,-223.712014497716,OnTrack,234.33333333333331,11176.0,100.0,0.0,8,6,3868.087642193246,0.7387431079630633,14.0,462.6225925925946,interpolation,0 days 00:00:59.379000,59.379,3279.161,0.0
2023-11-25 14:39:39.265,0 days 00:54:39.261000,4605.0,-3756.0,-224.0,OnTrack,236.66666666666663,11279.0,100.0,0.0,8,6,3875.926380989397,0.7402401821755531,14.0,458.5760185185204,interpolation,0 days 00:00:59.479000,59.479,3279.261,0.0
2023-11-25 14:39:39.365,0 days 00:54:39.361000,4544.572384058751,-3744.685748086488,-224.2750439227456,OnTrack,239.0,11382.0,100.0,0.0,8,6,3882.79138888889,0.7415512893016026,14.0,454.5294444444462,interpolation,0 days 00:00:59.579000,59.579,3279.361,0.0
2023-11-25 14:39:39.465,0 days 00:54:39.461000,4490.209363028874,-3732.860865432324,-224.5608898482832,OnTrack,239.5,11415.0,100.0,0.0,8,6,3888.292970424348,0.7426020037161061,14.0,451.5294444444462,interpolation,0 days 00:00:59.679000,59.679,3279.461,0.0
2023-11-25 14:39:39.565,0 days 00:54:39.561000,4420.0,-3721.0,-225.0,OnTrack,240.0,11448.0,100.0,0.0,8,6,3893.4580555555576,0.7435884526789225,14.0,448.5294444444462,car,0 days 00:00:59.779000,59.779,3279.561,0.0
2023-11-25 14:39:39.665,0 days 00:54:39.661000,4330.292453456369,-3709.1822601883,-225.616118203362,OnTrack,242.0,11540.333333333334,100.0,0.0,8,6,3899.313574242316,0.7447067634499107,14.0,444.67759259259446,interpolation,0 days 00:00:59.879000,59.879,3279.661,0.0
2023-11-25 14:39:39.765,0 days 00:54:39.761000,4228.04421272115,-3697.88807458966,-226.36709111837283,OnTrack,244.0,11632.666666666666,100.0,0.0,8,6,3906.107172878778,0.7460042325445116,14.0,440.82574074074273,interpolation,0 days 00:00:59.979000,59.979,3279.761,0.0
2023-11-25 14:39:39.865,0 days 00:54:39.861000,4155.0,-3690.0,-227.0,OnTrack,246.0,11725.0,100.0,0.0,8,6,3915.324722222224,0.747764637602428,14.0,436.973888888891,interpolation,0 days 00:01:00.079000,60.079,3279.861,0.0
2023-11-25 14:39:39.965,0 days 00:54:39.961000,4118.117233371762,-3685.998460092199,-227.4726919398952,OnTrack,248.0,11165.0,100.0,0.0,8,6,3926.3469444444463,0.7498697064256584,14.0,431.24055555555697,interpolation,0 days 00:01:00.179000,60.179,3279.961,0.0
2023-11-25 14:39:40.065,0 days 00:54:40.061000,4117.395912836435,-3685.883454866255,-227.7851669380584,OnTrack,249.0,10914.0,100.0,0.0,8,6,3933.972336058304,0.7513260347256714,14.0,428.46277777777897,interpolation,0 days 00:01:00.279000,60.279,3280.061,0.0
2023-11-25 14:39:40.165,0 days 00:54:40.161000,4099.22663588289,-3684.8267222071822,-227.95505846719237,OnTrack,250.0,10663.0,100.0,0.0,8,6,3938.0726966365232,0.7521091382635234,14.0,425.685000000001,interpolation,0 days 00:01:00.379000,60.379,3280.161,0.0
2023-11-25 14:39:40.265,0 days 00:54:40.261000,4010.0,-3678.0,-228.0,OnTrack,251.0,10412.0,100.0,0.0,8,6,3943.08027777778,0.7530655064738289,14.0,422.907222222223,pos,0 days 00:01:00.479000,60.479,3280.261,0.0
2023-11-25 14:39:40.365,0 days 00:54:40.361000,3869.0,-3667.0,-228.0,OnTrack,253.0,10565.0,100.0,0.0,8,6,3949.7337842996703,0.754336220206687,14.0,419.7127777777789,interpolation,0 days 00:01:00.579000,60.579,3280.361,0.0
2023-11-25 14:39:40.465,0 days 00:54:40.461000,3791.9300123540106,-3661.406943688128,-228.4351067904533,OnTrack,255.0,10718.0,100.0,0.0,8,6,3957.2469444444464,0.7557711140843317,14.0,416.5183333333348,interpolation,0 days 00:01:00.679000,60.679,3280.461,0.0
2023-11-25 14:39:40.565,0 days 00:54:40.561000,3754.0,-3659.0,-229.0,OnTrack,257.0,10774.333333333334,100.0,0.0,8,7,3964.833486454361,0.7572200227289971,14.0,413.2786111111124,interpolation,0 days 00:01:00.779000,60.779,3280.561,0.0
2023-11-25 14:39:40.665,0 days 00:54:40.661000,3711.1361285307976,-3655.961642466184,-229.3093516130439,OnTrack,259.0,10830.666666666666,100.0,0.0,8,7,3972.525935593376,0.7586891579478623,14.0,410.03888888889,interpolation,0 days 00:01:00.879000,60.879,3280.661,0.0
2023-11-25 14:39:40.765,0 days 00:54:40.761000,3659.2709609243966,-3651.959571523379,-229.4563363865512,OnTrack,261.0,10887.0,100.0,0.0,8,7,3980.519444444447,0.7602157907748326,14.0,406.7991666666676,interpolation,0 days 00:01:00.979000,60.979,3280.761,0.0
2023-11-25 14:39:40.865,0 days 00:54:40.861000,3574.0,-3645.0,-230.0,OnTrack,262.0,10887.0,100.0,0.0,8,7,3988.8465386045978,0.7618061330806969,14.0,403.5399074074083,pos,0 days 00:01:01.079000,61.079,3280.861,0.0
2023-11-25 14:39:40.965,0 days 00:54:40.961000,3451.2558503859427,-3634.750631735476,-231.03351625625197,OnTrack,263.0,10887.0,100.0,0.0,8,7,3997.227731370848,0.7634068073583526,14.0,400.28064814814906,interpolation,0 days 00:01:01.179000,61.179,3280.961,0.0
2023-11-25 14:39:41.065,0 days 00:54:41.061000,3334.0,-3625.0,-232.0,OnTrack,264.0,10887.0,100.0,0.0,8,7,4003.9861111111136,0.7646975502049361,14.0,397.02138888888976,interpolation,0 days 00:01:01.279000,61.279,3281.061,0.0
2023-11-25 14:39:41.165,0 days 00:54:41.161000,3265.193936759945,-3619.536638063764,-232.34256607593733,OnTrack,265.5,11006.0,100.0,0.0,8,7,4008.8421939843447,0.7656249846599277,14.0,394.3991666666677,interpolation,0 days 00:01:01.379000,61.379,3281.161,0.0
2023-11-25 14:39:41.265,0 days 00:54:41.261000,3235.1786745555087,-3617.1970250550426,-232.1549980279061,OnTrack,267.0,11125.0,100.0,0.0,8,7,4015.85277777778,0.7669638944622044,14.0,391.7769444444457,interpolation,0 days 00:01:01.479000,61.479,3281.261,0.0
2023-11-25 14:39:41.365,0 days 00:54:41.361000,3186.0,-3611.0,-232.0,OnTrack,269.0,11150.0,100.0,0.0,8,7,4027.808333333335,0.7692472150809502,14.0,386.3547222222232,interpolation,0 days 00:01:01.579000,61.579,3281.361,0.0
2023-11-25 14:39:41.465,0 days 00:54:41.461000,3107.9988280746256,-3599.7820301123984,-231.9713564964098,OnTrack,269.3333333333333,11176.666666666666,100.0,0.0,8,7,4037.1109378805154,0.7710238643275631,14.0,382.9843518518528,interpolation,0 days 00:01:01.679000,61.679,3281.461,0.0
2023-11-25 14:39:41.565,0 days 00:54:41.561000,3025.0,-3587.0,-232.0,OnTrack,269.6666666666667,11203.333333333334,100.0,0.0,8,7,4043.0331660936536,0.7721549155551818,14.0,379.6139814814824,interpolation,0 days 00:01:01.779000,61.779,3281.561,0.0
2023-11-25 14:39:41.665,0 days 00:54:41.661000,2960.82835699674,-3576.110794270572,-232.01686299363516,OnTrack,270.0,11230.0,100.0,0.0,8,7,4048.808333333335,0.7732578804800485,14.0,376.24361111111193,interpolation,0 days 00:01:01.879000,61.879,3281.661,0.0
2023-11-25 14:39:41.765,0 days 00:54:41.761000,2908.37647189332,-3563.8909734814088,-232.02025131030584,OnTrack,270.5,11265.25,100.0,0.0,8,7,4054.9753227339006,0.7744356771945939,14.0,372.7936111111119,interpolation,0 days 00:01:01.979000,61.979,3281.761,0.0
2023-11-25 14:39:41.865,0 days 00:54:41.861000,2825.0,-3531.0,-232.0,OnTrack,271.0,11300.5,100.0,0.0,8,7,4061.53413429535,0.7756883056988184,14.0,369.34361111111184,interpolation,0 days 00:01:02.079000,62.079,3281.861,0.0
2023-11-25 14:39:41.965,0 days 00:54:41.961000,2703.591586924936,-3474.214467391492,-231.95441491305644,OnTrack,271.5,11335.75,100.0,0.0,8,7,4068.5300453757927,0.7770244132466992,14.0,365.8936111111118,interpolation,0 days 00:01:02.179000,62.179,3281.961,0.0
2023-11-25 14:39:42.065,0 days 00:54:42.061000,2584.0,-3415.0,-232.0,OnTrack,272.0,11371.0,100.0,0.0,8,7,4076.008333333335,0.778452647092214,14.0,362.44361111111175,interpolation,0 days 00:01:02.279000,62.279,3282.061,0.0
2023-11-25 14:39:42.165,0 days 00:54:42.161000,2506.0740065570662,-3374.822222169644,-232.25325921135573,OnTrack,272.6666666666667,11368.666666666666,100.0,0.0,8,7,4083.9689981679776,0.7799730072353626,14.0,358.38435185185244,interpolation,0 days 00:01:02.379000,62.379,3282.161,0.0
2023-11-25 14:39:42.265,0 days 00:54:42.261000,2469.8136065961344,-3353.6811339004244,-232.7141925471236,OnTrack,273.3333333333333,11366.333333333334,100.0,0.0,8,7,4092.303865851215,0.7815648341602779,14.0,354.32509259259314,interpolation,0 days 00:01:02.479000,62.479,3282.261,0.0
2023-11-25 14:39:42.365,0 days 00:54:42.361000,2447.646403337136,-3337.9494786809914,-233.06802960932967,OnTrack,274.0,11364.0,100.0,0.0,8,7,4100.363888888891,0.7831041701370942,14.0,350.26583333333383,interpolation,0 days 00:01:02.579000,62.579,3282.361,0.0
2023-11-25 14:39:42.465,0 days 00:54:42.461000,2412.0,-3314.0,-233.0,OnTrack,275.0,11413.5,100.0,0.0,8,7,4108.040892144791,0.7845703554383896,14.0,346.5436111111112,interpolation,0 days 00:01:02.679000,62.679,3282.461,0.0
2023-11-25 14:39:42.565,0 days 00:54:42.561000,2362.874396584729,-3281.8326978574496,-232.51010371913463,OnTrack,276.0,11463.0,100.0,0.0,8,7,4115.697222222225,0.7860325924919915,14.0,342.8213888888886,interpolation,0 days 00:01:02.779000,62.779,3282.561,0.0
2023-11-25 14:39:42.665,0 days 00:54:42.661000,2302.026743813584,-3242.1315006757804,-231.7911499816317,OnTrack,276.75,11500.25,100.0,0.0,8,7,4123.695225724501,0.7875600837257271,14.0,339.51583333333315,interpolation,0 days 00:01:02.879000,62.879,3282.661,0.0
2023-11-25 14:39:42.765,0 days 00:54:42.761000,2240.0,-3199.0,-232.0,OnTrack,277.5,11537.5,100.0,0.0,8,7,4132.034902651621,0.7891528291395966,14.0,336.2102777777777,interpolation,0 days 00:01:02.979000,62.979,3282.761,0.0
2023-11-25 14:39:42.865,0 days 00:54:42.861000,2178.0,-3153.0,-233.0,OnTrack,278.25,11574.75,100.0,0.0,8,7,4139.955739364042,0.7906655827459973,14.0,332.9047222222223,interpolation,0 days 00:01:03.079000,63.079,3282.861,0.0
2023-11-25 14:39:42.965,0 days 00:54:42.961000,2112.718723719222,-3103.398709387835,-232.81435007934888,OnTrack,279.0,11612.0,100.0,0.0,8,7,4146.697222222225,0.7919530985573272,14.0,329.59916666666686,interpolation,0 days 00:01:03.179000,63.179,3282.961,0.0
2023-11-25 14:39:43.065,0 days 00:54:43.061000,2045.0,-3047.0,-232.0,OnTrack,279.0,11624.5,100.0,0.0,8,7,4152.259351226168,0.7930153765735861,14.0,327.0658333333331,interpolation,0 days 00:01:03.279000,63.279,3283.061,0.0
2023-11-25 14:39:43.165,0 days 00:54:43.161000,1976.23899718991,-2980.7298761796364,-231.44336786115963,OnTrack,279.0,11637.0,100.0,0.0,8,7,4159.097222222225,0.7943213009834615,14.0,324.53249999999935,interpolation,0 days 00:01:03.379000,63.379,3283.161,0.0
2023-11-25 14:39:43.265,0 days 00:54:43.261000,1908.2590252545735,-2907.3021747477787,-231.1329806569885,OnTrack,279.0,11632.5,100.0,0.0,8,7,4169.66593105675,0.7963397559756411,14.0,320.3713888888883,interpolation,0 days 00:01:03.479000,63.479,3283.261,0.0
2023-11-25 14:39:43.365,0 days 00:54:43.361000,1852.0,-2843.0,-231.0,OnTrack,279.0,11628.0,100.0,0.0,8,7,4180.797222222225,0.7984656552291964,14.0,316.21027777777726,interpolation,0 days 00:01:03.579000,63.579,3283.361,0.0
2023-11-25 14:39:43.465,0 days 00:54:43.461000,1809.2852500626,-2790.537216547169,-231.0329527668708,OnTrack,279.3333333333333,11639.333333333334,100.0,0.0,8,7,4189.322840211138,0.8000939124231995,14.0,313.3065740740733,interpolation,0 days 00:01:03.679000,63.679,3283.461,0.0
2023-11-25 14:39:43.565,0 days 00:54:43.561000,1780.1147754423732,-2749.9138243892858,-231.23183895760093,OnTrack,279.6666666666667,11650.666666666666,100.0,0.0,8,7,4195.6892246963,0.8013097904218657,14.0,310.4028703703695,interpolation,0 days 00:01:03.779000,63.779,3283.561,0.0
2023-11-25 14:39:43.665,0 days 00:54:43.661000,1754.63691310096,-2699.333520036759,-231.56480566953056,OnTrack,280.0,11662.0,100.0,0.0,8,7,4202.575000000004,0.8026248637912244,14.0,307.4991666666656,interpolation,0 days 00:01:03.879000,63.879,3283.661,0.0
2023-11-25 14:39:43.765,0 days 00:54:43.761000,1723.0,-2617.0,-232.0,OnTrack,278.6666666666667,11597.666666666666,91.0,0.0,8,7,4210.426601223545,0.8041243945224044,14.0,304.0324999999987,interpolation,0 days 00:01:03.979000,63.979,3283.761,0.0
2023-11-25 14:39:43.865,0 days 00:54:43.861000,1685.2040361394936,-2502.913264279008,-232.53742194900929,OnTrack,277.3333333333333,11533.333333333334,82.0,0.0,8,7,4219.030812639502,0.8057676618087142,14.0,300.5658333333319,interpolation,0 days 00:01:04.079000,64.079,3283.861,0.0
2023-11-25 14:39:43.965,0 days 00:54:43.961000,1651.0,-2393.0,-233.0,OnTrack,276.0,11469.0,73.0,0.0,8,7,4227.108333333337,0.8073103395590601,14.0,297.09916666666504,interpolation,0 days 00:01:04.179000,64.179,3283.961,0.0
2023-11-25 14:39:44.065,0 days 00:54:44.061000,1630.1388700620794,-2323.186894289192,-233.21066263641384,OnTrack,268.0,10901.0,48.66666666666667,1.0,8,7,4234.445945394289,0.8087117065497682,14.0,294.5324999999981,interpolation,0 days 00:01:04.279000,64.279,3284.061,0.0
2023-11-25 14:39:44.165,0 days 00:54:44.161000,1622.6206463257322,-2293.473947146584,-233.16940985825076,OnTrack,260.0,10333.0,24.333333333333336,1.0,8,7,4241.022192050876,0.8099676648793634,14.0,291.9658333333312,interpolation,0 days 00:01:04.379000,64.379,3284.161,0.0
2023-11-25 14:39:44.265,0 days 00:54:44.261000,1619.2920994265187,-2268.5240264306835,-233.04345215096228,OnTrack,252.0,9765.0,0.0,1.0,8,7,4246.708333333338,0.8110536272648853,14.0,289.3991666666643,interpolation,0 days 00:01:04.479000,64.479,3284.261,0.0
2023-11-25 14:39:44.365,0 days 00:54:44.361000,1611.0,-2213.0,-233.0,OnTrack,237.0,9354.5,0.0,1.0,8,7,4251.482912689911,0.8119654958468213,14.0,287.8213888888863,interpolation,0 days 00:01:04.579000,64.579,3284.361,0.0
2023-11-25 14:39:44.465,0 days 00:54:44.461000,1597.7443480461757,-2126.9018678545326,-233.03905340536377,OnTrack,222.0,8944.0,0.0,1.0,8,7,4256.575000000004,0.8129380033889061,14.0,286.2436111111083,interpolation,0 days 00:01:04.679000,64.679,3284.461,0.0
2023-11-25 14:39:44.565,0 days 00:54:44.561000,1585.0,-2042.0,-233.0,OnTrack,208.0,9213.5,0.0,1.0,8,7,4263.21366514303,0.8142058826548744,14.0,284.8102777777749,interpolation,0 days 00:01:04.779000,64.779,3284.561,0.0
2023-11-25 14:39:44.665,0 days 00:54:44.661000,1578.2418122964268,-1990.0647664421203,-232.72222741685488,OnTrack,194.0,9483.0,0.0,1.0,8,7,4269.508333333338,0.8154080639839063,14.0,283.3769444444415,interpolation,0 days 00:01:04.879000,64.879,3284.661,0.0
2023-11-25 14:39:44.765,0 days 00:54:44.761000,1576.7271248541754,-1965.6412372040943,-232.26678867351973,OnTrack,182.5,9186.5,0.0,1.0,8,7,4273.568429785273,0.8161834777151816,14.0,282.9547222222195,interpolation,0 days 00:01:04.979000,64.979,3284.761,0.0
2023-11-25 14:39:44.865,0 days 00:54:44.861000,1576.0,-1936.0,-232.0,OnTrack,171.0,8890.0,0.0,1.0,8,7,4277.108333333337,0.8168595428902466,14.0,282.5324999999975,interpolation,0 days 00:01:05.079000,65.079,3284.861,0.0
2023-11-25 14:39:44.965,0 days 00:54:44.961000,1575.3177852574204,-1895.6861807112343,-231.9829137887073,OnTrack,171.0,9046.0,0.0,1.0,8,6,4281.842422812028,0.8177636785506477,14.0,282.0602777777753,interpolation,0 days 00:01:05.179000,65.179,3284.961,0.0
2023-11-25 14:39:45.065,0 days 00:54:45.061000,1574.7818040464686,-1847.2507933103416,-232.13799155399585,OnTrack,171.0,9202.0,0.0,1.0,8,6,4286.608333333337,0.818673891523172,14.0,281.5880555555532,interpolation,0 days 00:01:05.279000,65.279,3285.061,0.0
2023-11-25 14:39:45.165,0 days 00:54:45.161000,1575.0,-1806.0,-232.0,OnTrack,162.66666666666666,9524.0,0.0,1.0,8,6,4290.243700009259,0.8193681886346078,14.0,281.92509259259015,interpolation,0 days 00:01:05.379000,65.379,3285.161,0.0
2023-11-25 14:39:45.265,0 days 00:54:45.261000,1576.0736975756051,-1774.4848408752705,-231.4913998470759,OnTrack,154.33333333333334,9846.0,0.0,1.0,8,6,4293.175308834572,0.8199280792098163,14.0,282.2621296296272,interpolation,0 days 00:01:05.479000,65.479,3285.261,0.0
2023-11-25 14:39:45.365,0 days 00:54:45.361000,1579.0,-1741.0,-231.0,OnTrack,146.0,10168.0,0.0,1.0,8,6,4297.963888888893,0.8208426217019438,14.0,282.59916666666413,interpolation,0 days 00:01:05.579000,65.579,3285.361,0.0
2023-11-25 14:39:45.465,0 days 00:54:45.461000,1584.776010499902,-1693.840161438036,-230.91360936354897,OnTrack,146.0,9105.0,0.0,1.0,8,6,4304.452777777782,0.8220818960898133,14.0,283.62138888888603,interpolation,0 days 00:01:05.679000,65.679,3285.461,0.0
2023-11-25 14:39:45.565,0 days 00:54:45.561000,1592.0,-1646.0,-231.0,OnTrack,138.0,8851.75,0.0,1.0,8,4,4309.141241020323,0.8229773178660897,14.0,285.4463888888861,interpolation,0 days 00:01:05.779000,65.779,3285.561,0.0
2023-11-25 14:39:45.665,0 days 00:54:45.661000,1599.2702394249811,-1610.4741904965142,-231.02694397163032,OnTrack,130.0,8598.5,0.0,1.0,8,4,4311.4458198824,0.8234174557090242,14.0,287.2713888888861,interpolation,0 days 00:01:05.879000,65.879,3285.661,0.0
2023-11-25 14:39:45.765,0 days 00:54:45.761000,1607.0,-1583.0,-231.0,OnTrack,122.0,8345.25,0.0,1.0,8,4,4313.103877692167,0.823734118332231,14.0,289.09638888888617,interpolation,0 days 00:01:05.979000,65.979,3285.761,0.0
2023-11-25 14:39:45.865,0 days 00:54:45.861000,1615.6025529502103,-1559.3146955828795,-230.92472680666896,OnTrack,114.0,8092.0,0.0,1.0,8,4,4315.852777777782,0.8242591144493238,14.0,290.9213888888862,interpolation,0 days 00:01:06.079000,66.079,3285.861,0.0
2023-11-25 14:39:45.965,0 days 00:54:45.961000,1626.0,-1537.0,-231.0,OnTrack,114.0,7978.5,0.5,1.0,8,3,4319.692520139246,0.8249924440603036,14.0,293.610138888886,interpolation,0 days 00:01:06.179000,66.179,3285.961,0.0
2023-11-25 14:39:46.065,0 days 00:54:46.061000,1639.114442873757,-1513.63763600621,-231.424695188356,OnTrack,114.0,7865.0,1.0,1.0,8,3,4323.421111111115,0.8257045455268878,14.0,296.2988888888858,interpolation,0 days 00:01:06.279000,66.279,3286.061,0.0
2023-11-25 14:39:46.165,0 days 00:54:46.161000,1655.0,-1491.0,-232.0,OnTrack,111.33333333333331,7742.0,1.3333333333333333,0.0,8,3,4325.836557027951,0.8261658572107948,14.0,298.432222222219,interpolation,0 days 00:01:06.379000,66.379,3286.161,0.0
2023-11-25 14:39:46.265,0 days 00:54:46.261000,1673.710789807246,-1470.8594883798596,-232.52710206319503,OnTrack,108.66666666666669,7619.0,1.6666666666666663,0.0,8,3,4327.356608028412,0.8264561627323381,14.0,300.56555555555224,interpolation,0 days 00:01:06.479000,66.479,3286.261,0.0
2023-11-25 14:39:46.365,0 days 00:54:46.361000,1696.0,-1453.0,-233.0,OnTrack,106.0,7496.0,2.0,0.0,8,3,4330.487777777782,0.8270541662643621,14.0,302.69888888888545,car,0 days 00:01:06.579000,66.579,3286.361,0.0
2023-11-25 14:39:46.465,0 days 00:54:46.461000,1722.6208182827663,-1437.2054337146308,-233.41269243247376,OnTrack,106.0,7539.0,14.0,0.0,8,3,4335.198888888894,0.8279539134226785,14.0,307.2322222222192,interpolation,0 days 00:01:06.679000,66.679,3286.461,0.0
2023-11-25 14:39:46.565,0 days 00:54:46.561000,1753.255768114303,-1423.6078935938478,-233.7587948072207,OnTrack,104.66666666666669,7713.666666666667,24.333333333333336,0.0,8,3,4338.79633674886,0.8286409686444418,14.0,310.1877777777748,interpolation,0 days 00:01:06.779000,66.779,3286.561,0.0
2023-11-25 14:39:46.665,0 days 00:54:46.661000,1786.0,-1413.0,-234.0,OnTrack,103.33333333333331,7888.333333333333,34.66666666666667,0.0,8,3,4341.03438300884,0.8290683998204649,14.0,313.1433333333304,interpolation,0 days 00:01:06.879000,66.879,3286.661,0.0
2023-11-25 14:39:46.765,0 days 00:54:46.761000,1820.5360406495583,-1405.513855650444,-234.12992352279343,OnTrack,102.0,8063.0,45.0,0.0,8,3,4343.132222222227,0.8294690536845601,14.0,316.098888888886,interpolation,0 days 00:01:06.979000,66.979,3286.761,0.0
2023-11-25 14:39:46.865,0 days 00:54:46.861000,1856.863890062978,-1401.1494605451796,-234.1485653756012,OnTrack,105.5,8144.5,45.0,0.0,8,3,4345.293054521635,0.8298817382243928,14.0,318.5433333333308,interpolation,0 days 00:01:07.079000,67.079,3286.861,0.0
2023-11-25 14:39:46.965,0 days 00:54:46.961000,1891.0097944449085,-1398.7103351673254,-234.0929245406083,OnTrack,109.0,8226.0,45.0,0.0,8,3,4347.976666666671,0.8303942653850928,14.0,320.9877777777756,car,0 days 00:01:07.179000,67.179,3286.961,0.0
2023-11-25 14:39:47.065,0 days 00:54:47.061000,1919.0,-1397.0,-234.0,OnTrack,109.5,8554.0,51.5,0.0,8,3,4351.642845416948,0.8310944471117901,14.0,324.8877777777757,interpolation,0 days 00:01:07.279000,67.279,3287.061,0.0
2023-11-25 14:39:47.165,0 days 00:54:47.161000,1940.834506728252,-1396.0184550432032,-233.8697917537762,OnTrack,110.0,8882.0,58.0,0.0,8,3,4355.310000000004,0.831794815207,14.0,328.7877777777758,interpolation,0 days 00:01:07.379000,67.379,3287.161,0.0
2023-11-25 14:39:47.265,0 days 00:54:47.261000,1956.5133146296644,-1395.7657002969347,-233.70229980193704,OnTrack,114.0,8965.5,60.5,0.0,8,3,4357.996539643379,0.8323079014732376,14.0,331.2698611111091,interpolation,0 days 00:01:07.479000,67.479,3287.261,0.0
2023-11-25 14:39:47.365,0 days 00:54:47.361000,1979.185465216245,-1397.130095402199,-233.43365794912927,OnTrack,118.0,9049.0,63.0,0.0,8,3,4360.587222222226,0.8328026805674771,14.0,333.7519444444424,interpolation,0 days 00:01:07.579000,67.579,3287.361,0.0
2023-11-25 14:39:47.465,0 days 00:54:47.461000,2022.0,-1401.0,-233.0,OnTrack,121.0,9332.666666666666,69.0,0.0,8,3,4363.966805611704,0.8334481271466936,14.0,337.04083333333136,interpolation,0 days 00:01:07.679000,67.679,3287.461,0.0
2023-11-25 14:39:47.565,0 days 00:54:47.561000,2084.95691898093,-1407.3754140903377,-232.4013259545492,OnTrack,124.0,9616.333333333334,75.0,0.0,8,3,4368.000115604702,0.8342184250911104,14.0,340.32972222222025,interpolation,0 days 00:01:07.779000,67.779,3287.561,0.0
2023-11-25 14:39:47.665,0 days 00:54:47.661000,2144.0,-1414.0,-232.0,OnTrack,127.0,9900.0,81.0,0.0,8,3,4371.876111111115,0.8349586784751406,14.0,343.6186111111092,interpolation,0 days 00:01:07.879000,67.879,3287.661,0.0
2023-11-25 14:39:47.765,0 days 00:54:47.761000,2175.073020898174,-1418.6174200557746,-232.15838632357563,OnTrack,132.33333333333334,10163.0,85.33333333333333,0.0,8,3,4375.459619308012,0.8356430714433634,14.0,346.1852777777755,interpolation,0 days 00:01:07.979000,67.979,3287.761,0.0
2023-11-25 14:39:47.865,0 days 00:54:47.861000,2184.5860839809134,-1420.9131461528482,-232.74823027359776,OnTrack,137.66666666666666,10426.0,89.66666666666667,0.0,8,3,4378.889435228312,0.8362981116355931,14.0,348.7519444444418,interpolation,0 days 00:01:08.079000,68.079,3287.861,0.0
2023-11-25 14:39:47.965,0 days 00:54:47.961000,2211.0,-1419.0,-233.0,OnTrack,143.0,10689.0,94.0,0.0,8,3,4382.9983333333375,0.8370828457050334,14.0,351.3186111111081,interpolation,0 days 00:01:08.179000,68.179,3287.961,0.0
2023-11-25 14:39:48.065,0 days 00:54:48.061000,2260.724936900677,-1412.5634502716318,-232.7854395377696,OnTrack,145.5,10250.0,68.0,0.0,8,3,4387.925110077277,0.8380237815629381,14.0,354.6519444444416,interpolation,0 days 00:01:08.279000,68.279,3288.061,0.0
2023-11-25 14:39:48.165,0 days 00:54:48.161000,2328.3044456864627,-1402.2568169656977,-232.22040172152603,OnTrack,148.0,9811.0,42.0,0.0,8,3,4392.865000000004,0.8389672218290543,14.0,357.9852777777751,interpolation,0 days 00:01:08.379000,68.379,3288.161,0.0
2023-11-25 14:39:48.265,0 days 00:54:48.261000,2381.0,-1392.0,-232.0,OnTrack,147.75,9622.5,36.0,0.0,8,3,4397.013237641395,0.8397594691231287,14.0,360.6102777777751,interpolation,0 days 00:01:08.479000,68.479,3288.261,0.0
2023-11-25 14:39:48.365,0 days 00:54:48.361000,2413.355206718558,-1382.4463126825308,-232.24008602148405,OnTrack,147.5,9434.0,30.0,0.0,8,3,4400.36982300145,0.8404005234451615,14.0,363.2352777777751,interpolation,0 days 00:01:08.579000,68.579,3288.361,0.0
2023-11-25 14:39:48.465,0 days 00:54:48.461000,2429.365099164517,-1372.5459444864027,-232.81824672676257,OnTrack,147.25,9245.5,24.0,0.0,8,3,4403.648996860782,0.841026793403983,14.0,365.8602777777751,interpolation,0 days 00:01:08.679000,68.679,3288.461,0.0
2023-11-25 14:39:48.565,0 days 00:54:48.561000,2453.0,-1356.0,-233.0,OnTrack,147.0,9057.0,18.0,0.0,8,3,4407.565000000004,0.8417746876084231,14.0,368.4852777777751,interpolation,0 days 00:01:08.779000,68.779,3288.561,0.0
2023-11-25 14:39:48.665,0 days 00:54:48.661000,2488.254983456738,-1331.7586579463214,-232.66293152846467,OnTrack,145.33333333333334,8956.666666666666,14.0,0.0,8,4,4412.11783241912,0.842644206058482,14.0,372.2519444444418,interpolation,0 days 00:01:08.879000,68.879,3288.661,0.0
2023-11-25 14:39:48.765,0 days 00:54:48.761000,2530.0,-1301.0,-232.0,OnTrack,143.66666666666666,8856.333333333334,10.0,0.0,8,4,4417.155384143702,0.8436062981726702,14.0,376.01861111110856,interpolation,0 days 00:01:08.979000,68.979,3288.761,0.0
2023-11-25 14:39:48.865,0 days 00:54:48.861000,2573.1050000950545,-1264.902107835671,-231.2041641024496,OnTrack,142.0,8756.0,6.0,0.0,8,4,4421.765000000004,0.84448666135448,14.0,379.78527777777526,interpolation,0 days 00:01:09.079000,69.079,3288.861,0.0
2023-11-25 14:39:48.965,0 days 00:54:48.961000,2615.8594277987195,-1225.3884745907246,-230.3627820006513,OnTrack,140.0,8869.5,25.5,0.0,8,4,4425.794571571202,0.8452562453198988,14.0,383.0908333333309,interpolation,0 days 00:01:09.179000,69.179,3288.961,0.0
2023-11-25 14:39:49.065,0 days 00:54:49.061000,2648.0,-1194.0,-230.0,OnTrack,138.0,8983.0,45.0,0.0,8,4,4429.431666666671,0.8459508725319287,14.0,386.3963888888866,interpolation,0 days 00:01:09.279000,69.279,3289.061,0.0
2023-11-25 14:39:49.165,0 days 00:54:49.161000,2667.816178271717,-1172.6601575044187,-230.20317537079052,OnTrack,138.33333333333334,9062.666666666666,50.66666666666666,0.0,8,4,4432.863853095787,0.846606365453572,14.0,389.5074999999976,interpolation,0 days 00:01:09.379000,69.379,3289.161,0.0
2023-11-25 14:39:49.265,0 days 00:54:49.261000,2677.366249696397,-1159.1326915372383,-230.82704213923284,OnTrack,138.66666666666666,9142.333333333334,56.33333333333333,0.0,8,4,4436.216605743907,0.8472466877886937,14.0,392.6186111111086,interpolation,0 days 00:01:09.479000,69.479,3289.261,0.0
2023-11-25 14:39:49.365,0 days 00:54:49.361000,2689.0,-1140.0,-231.0,OnTrack,139.0,9222.0,62.0,0.0,8,4,4440.242777777782,0.8480156224966497,14.0,395.7297222222196,interpolation,0 days 00:01:09.579000,69.579,3289.361,0.0
2023-11-25 14:39:49.465,0 days 00:54:49.461000,2704.775737342021,-1113.025804426586,-230.5767814917707,OnTrack,142.5,9432.5,65.5,0.0,8,4,4445.067845367639,0.848937133526695,14.0,399.496388888886,interpolation,0 days 00:01:09.679000,69.679,3289.461,0.0
2023-11-25 14:39:49.565,0 days 00:54:49.561000,2721.0,-1082.0,-230.0,OnTrack,146.0,9643.0,69.0,0.0,8,4,4449.976111111116,0.849874534078454,14.0,403.26305555555246,interpolation,0 days 00:01:09.779000,69.779,3289.561,0.0
2023-11-25 14:39:49.665,0 days 00:54:49.661000,2733.979326251477,-1050.7124819032456,-229.71226891014305,OnTrack,147.33333333333334,9766.666666666666,66.33333333333333,0.0,8,4,4454.2518776058505,0.8506911373515519,14.0,406.1149074074044,interpolation,0 days 00:01:09.879000,69.879,3289.661,0.0
2023-11-25 14:39:49.765,0 days 00:54:49.761000,2744.02447609774,-1017.3463211902,-229.6020369596427,OnTrack,148.66666666666666,9890.333333333334,63.66666666666666,0.0,8,4,4457.977019012272,0.8514025800060986,14.0,408.9667592592562,interpolation,0 days 00:01:09.979000,69.979,3289.761,0.0
2023-11-25 14:39:49.865,0 days 00:54:49.861000,2753.0,-971.0,-229.0,OnTrack,150.0,10014.0,61.0,0.0,8,4,4461.642777777783,0.8521026815223977,14.0,411.8186111111081,interpolation,0 days 00:01:10.079000,70.079,3289.861,0.0
2023-11-25 14:39:49.965,0 days 00:54:49.961000,2761.216654777379,-909.85660799178,-227.79460791093695,OnTrack,151.66666666666666,10131.0,65.0,0.0,8,4,4465.331027224427,0.8528070784004403,14.0,414.54083333333045,interpolation,0 days 00:01:10.179000,70.179,3289.961,0.0
2023-11-25 14:39:50.065,0 days 00:54:50.061000,2768.521845733236,-837.4518429279531,-226.14433144658827,OnTrack,153.33333333333334,10248.0,69.0,0.0,8,4,4469.144359798935,0.8535353641629084,14.0,417.2630555555528,interpolation,0 days 00:01:10.279000,70.279,3290.061,0.0
2023-11-25 14:39:50.165,0 days 00:54:50.161000,2774.0,-775.0,-225.0,OnTrack,155.0,10365.0,73.0,0.0,8,4,4473.698333333338,0.8544051005478059,14.0,419.9852777777751,interpolation,0 days 00:01:10.379000,70.379,3290.161,0.0
2023-11-25 14:39:50.265,0 days 00:54:50.261000,2777.4985213184536,-726.0368131760636,-224.52008594805557,OnTrack,159.5,10479.5,82.5,0.0,8,4,4479.095541324923,0.855435881278453,14.0,423.1519444444416,interpolation,0 days 00:01:10.479000,70.479,3290.261,0.0
2023-11-25 14:39:50.365,0 days 00:54:50.361000,2779.017409688596,-690.5622824561442,-224.704589290755,OnTrack,164.0,10594.0,92.0,0.0,8,4,4484.631666666672,0.8564931930095587,14.0,426.3186111111081,interpolation,0 days 00:01:10.579000,70.579,3290.361,0.0
2023-11-25 14:39:50.465,0 days 00:54:50.461000,2779.027593214441,-660.5566105081527,-225.28679798807696,OnTrack,165.25,10459.75,75.25,0.0,8,4,4489.602392251562,0.857442522395832,14.0,428.64361111110816,interpolation,0 days 00:01:10.679000,70.679,3290.461,0.0
2023-11-25 14:39:50.565,0 days 00:54:50.561000,2778.0,-628.0,-226.0,OnTrack,166.5,10325.5,58.5,0.0,8,4,4494.0077180796,0.858283869437273,14.0,430.9686111111082,interpolation,0 days 00:01:10.779000,70.779,3290.561,0.0
2023-11-25 14:39:50.665,0 days 00:54:50.661000,2775.9346300452744,-592.8924509316862,-226.8441953265242,OnTrack,167.75,10191.25,41.75,0.0,8,4,4497.950018201172,0.859036785946342,14.0,433.29361111110825,interpolation,0 days 00:01:10.879000,70.879,3290.661,0.0
2023-11-25 14:39:50.765,0 days 00:54:50.761000,2772.831483350263,-555.2339633032111,-227.81938396764943,OnTrack,169.0,10057.0,25.0,0.0,8,4,4501.531666666671,0.8597208237354997,14.0,435.6186111111083,interpolation,0 days 00:01:10.979000,70.979,3290.761,0.0
2023-11-25 14:39:50.865,0 days 00:54:50.861000,2767.8125949801206,-515.4584940231306,-228.88488062495,OnTrack,166.0,10007.5,25.0,1.0,8,4,4504.752663476096,0.8603359828047459,14.0,437.8186111111081,interpolation,0 days 00:01:11.079000,71.079,3290.861,0.0
2023-11-25 14:39:50.965,0 days 00:54:50.961000,2760.0,-474.0,-230.0,OnTrack,163.0,9958.0,25.0,1.0,8,4,4508.776111111116,0.8611043971959295,14.0,440.01861111110793,interpolation,0 days 00:01:11.179000,71.179,3290.961,0.0
2023-11-25 14:39:51.065,0 days 00:54:51.061000,2749.393698409902,-430.85848123381953,-231.1647420927995,OnTrack,159.0,9731.0,21.5,1.0,8,4,4514.7651120533965,0.8622482009508996,14.0,444.14083333333065,interpolation,0 days 00:01:11.279000,71.279,3291.061,0.0
2023-11-25 14:39:51.165,0 days 00:54:51.161000,2734.0,-386.0,-232.0,OnTrack,155.0,9504.0,18.0,1.0,8,4,4520.831666666671,0.8634068162213376,14.0,448.26305555555336,interpolation,0 days 00:01:11.379000,71.379,3291.161,0.0
2023-11-25 14:39:51.265,0 days 00:54:51.261000,2711.825214560471,-339.3906185739527,-232.1266668182531,OnTrack,153.0,9482.5,17.0,0.0,8,4,4525.08777531467,0.8642196651589251,14.0,449.818611111109,interpolation,0 days 00:01:11.479000,71.479,3291.261,0.0
2023-11-25 14:39:51.365,0 days 00:54:51.361000,2688.0,-298.0,-232.0,OnTrack,151.0,9461.0,16.0,0.0,8,4,4527.533437997396,0.8646867477636621,14.0,451.3741666666647,interpolation,0 days 00:01:11.579000,71.579,3291.361,0.0
2023-11-25 14:39:51.465,0 days 00:54:51.461000,2667.655014227272,-268.79780732246473,-232.0752569976817,OnTrack,149.0,9439.5,15.0,0.0,8,4,4529.894881681425,0.8651377458815408,14.0,452.92972222222033,interpolation,0 days 00:01:11.679000,71.679,3291.461,0.0
2023-11-25 14:39:51.565,0 days 00:54:51.561000,2648.0,-245.0,-232.0,OnTrack,147.0,9418.0,14.0,0.0,8,4,4533.898333333337,0.8659023413585544,14.0,454.485277777776,interpolation,0 days 00:01:11.779000,71.779,3291.561,0.0
2023-11-25 14:39:51.665,0 days 00:54:51.661000,2626.2447000758966,-219.8225374912592,-231.42179119565685,OnTrack,147.0,9282.5,23.0,0.0,8,4,4539.543792953129,0.8669805341947023,14.0,455.92416666666486,interpolation,0 days 00:01:11.879000,71.879,3291.661,0.0
2023-11-25 14:39:51.765,0 days 00:54:51.761000,2597.0,-191.0,-231.0,OnTrack,147.0,9147.0,32.0,0.0,8,4,4545.331666666671,0.868085925853619,14.0,457.3630555555537,interpolation,0 days 00:01:11.979000,71.979,3291.761,0.0
2023-11-25 14:39:51.865,0 days 00:54:51.861000,2554.876785317349,-156.26696772998037,-231.39399582837729,OnTrack,147.0,9338.0,42.0,0.0,8,4,4549.76236059983,0.8689321177989389,14.0,457.9741666666646,interpolation,0 days 00:01:12.079000,72.079,3291.861,0.0
2023-11-25 14:39:51.965,0 days 00:54:51.961000,2513.0,-124.0,-232.0,OnTrack,147.0,9529.0,52.0,0.0,8,4,4553.4983333333375,0.8696456290643795,14.0,458.58527777777545,interpolation,0 days 00:01:12.179000,72.179,3291.961,0.0
2023-11-25 14:39:52.065,0 days 00:54:52.061000,2484.4945880200075,-102.57565612885882,-232.21423383407955,OnTrack,148.25,9618.25,57.0,0.0,8,4,4557.202043447925,0.8703529786836587,14.0,458.48527777777554,interpolation,0 days 00:01:12.279000,72.279,3292.061,0.0
2023-11-25 14:39:52.165,0 days 00:54:52.161000,2465.07188095298,-89.85450215141442,-232.09587636710097,OnTrack,149.5,9707.5,62.0,0.0,8,4,4560.873490943592,0.8710541666567767,14.0,458.3852777777756,interpolation,0 days 00:01:12.379000,72.379,3292.161,0.0
2023-11-25 14:39:52.265,0 days 00:54:52.261000,2429.0,-73.0,-232.0,OnTrack,150.75,9796.75,67.0,0.0,8,4,4564.657359634131,0.8717768252868662,14.0,458.2852777777757,interpolation,0 days 00:01:12.479000,72.479,3292.261,0.0
2023-11-25 14:39:52.365,0 days 00:54:52.361000,2371.990320652416,-49.87273761716483,-231.9857831632715,OnTrack,152.0,9886.0,72.0,0.0,8,4,4568.698333333337,0.8725485868770602,14.0,458.1852777777758,interpolation,0 days 00:01:12.579000,72.579,3292.361,0.0
2023-11-25 14:39:52.465,0 days 00:54:52.461000,2316.0,-29.0,-232.0,OnTrack,153.5,10046.5,76.0,0.0,8,4,4572.99641204121,0.8733694514273586,14.0,457.7963888888871,interpolation,0 days 00:01:12.679000,72.679,3292.461,0.0
2023-11-25 14:39:52.565,0 days 00:54:52.561000,2282.9861951325256,-18.90907214559661,-231.9894246532703,OnTrack,155.0,10207.0,80.0,0.0,8,4,4577.309444444448,0.8741931718952088,14.0,457.4074999999984,interpolation,0 days 00:01:12.779000,72.779,3292.561,0.0
2023-11-25 14:39:52.665,0 days 00:54:52.661000,2251.0,-15.0,-232.0,OnTrack,159.33333333333334,10495.333333333334,83.66666666666667,0.0,8,4,4581.39527922975,0.8749735012380584,14.0,456.4774999999984,interpolation,0 days 00:01:12.879000,72.879,3292.661,0.0
2023-11-25 14:39:52.765,0 days 00:54:52.761000,2198.0925085524327,-12.672829509255507,-232.07766891710685,OnTrack,163.66666666666666,10783.666666666666,87.33333333333333,0.0,8,4,4585.414371222342,0.8757410837709387,14.0,455.5474999999985,interpolation,0 days 00:01:12.979000,72.979,3292.761,0.0
2023-11-25 14:39:52.865,0 days 00:54:52.861000,2124.263720789824,-11.927560673363136,-232.2224314045909,OnTrack,168.0,11072.0,91.0,0.0,8,4,4590.329444444448,0.8766797844426499,14.0,454.6174999999985,interpolation,0 days 00:01:13.079000,73.079,3292.861,0.0
2023-11-25 14:39:52.965,0 days 00:54:52.961000,2053.053072632304,-11.968511500789193,-232.25597818977948,OnTrack,172.66666666666666,11210.0,94.0,0.0,8,4,4596.300952078247,0.8778202472544274,14.0,452.7841666666652,interpolation,0 days 00:01:13.179000,73.179,3292.961,0.0
2023-11-25 14:39:53.065,0 days 00:54:53.061000,2008.0,-12.0,-232.0,OnTrack,177.33333333333334,11348.0,97.0,0.0,8,4,4603.008470091181,0.8791012763214894,14.0,450.9508333333318,interpolation,0 days 00:01:13.279000,73.279,3293.061,0.0
2023-11-25 14:39:53.165,0 days 00:54:53.161000,1989.1045028929127,-12.022026170995552,-231.45449683525248,OnTrack,182.0,11486.0,100.0,0.0,8,4,4608.529444444448,0.8801556944552017,14.0,449.1174999999985,interpolation,0 days 00:01:13.379000,73.379,3293.161,0.0
2023-11-25 14:39:53.265,0 days 00:54:53.261000,1985.390370415039,-13.030398667143942,-230.78669972684705,OnTrack,184.5,11786.5,100.0,0.0,8,4,4612.543447824334,0.8809223051441337,14.0,447.695277777776,interpolation,0 days 00:01:13.479000,73.479,3293.261,0.0
2023-11-25 14:39:53.365,0 days 00:54:53.361000,1931.0,-21.0,-231.0,OnTrack,187.0,12087.0,100.0,0.0,8,4,4616.840555555559,0.8817429842533634,14.0,446.2730555555536,pos,0 days 00:01:13.579000,73.579,3293.361,0.0
2023-11-25 14:39:53.465,0 days 00:54:53.461000,1830.0,-35.0,-232.0,OnTrack,192.0,11858.0,100.0,0.0,8,4,4623.210842962846,0.8829596076479689,14.0,443.9063888888868,interpolation,0 days 00:01:13.679000,73.679,3293.461,0.0
2023-11-25 14:39:53.565,0 days 00:54:53.561000,1772.6484224065855,-43.4704453598963,-232.2169092986785,OnTrack,197.0,11629.0,100.0,0.0,8,4,4629.973888888892,0.8842512416616883,14.0,441.53972222222,interpolation,0 days 00:01:13.779000,73.779,3293.561,0.0
2023-11-25 14:39:53.665,0 days 00:54:53.661000,1732.0,-50.0,-232.0,OnTrack,199.5,11556.5,100.0,0.0,8,4,4635.449272176398,0.8852969526282597,14.0,439.93472222222,interpolation,0 days 00:01:13.879000,73.879,3293.661,0.0
2023-11-25 14:39:53.765,0 days 00:54:53.761000,1666.066379874891,-60.10399658967374,-231.960177285514,OnTrack,202.0,11484.0,100.0,0.0,8,4,4639.636992825364,0.8860967405476836,14.0,438.32972222222,interpolation,0 days 00:01:13.979000,73.979,3293.761,0.0
2023-11-25 14:39:53.865,0 days 00:54:53.861000,1593.0,-71.0,-232.0,OnTrack,204.5,11411.5,100.0,0.0,8,4,4643.607536506093,0.8868550511265365,14.0,436.72472222222,interpolation,0 days 00:01:14.079000,74.079,3293.861,0.0
2023-11-25 14:39:53.965,0 days 00:54:53.961000,1530.9532983440672,-79.90557510206125,-232.02202698823737,OnTrack,207.0,11339.0,100.0,0.0,8,4,4648.431388888893,0.887776330071396,14.0,435.11972222221993,interpolation,0 days 00:01:14.179000,74.179,3293.961,0.0
2023-11-25 14:39:54.065,0 days 00:54:54.061000,1477.601957319782,-87.18233839693684,-232.0248478343774,OnTrack,210.0,11474.5,100.0,0.0,8,5,4654.10854997376,0.8888605773822618,14.0,433.14749999999776,interpolation,0 days 00:01:14.279000,74.279,3294.061,0.0
2023-11-25 14:39:54.165,0 days 00:54:54.161000,1419.0,-95.0,-232.0,OnTrack,213.0,11610.0,100.0,0.0,8,5,4660.264722222226,0.8900363081931101,14.0,431.1752777777756,interpolation,0 days 00:01:14.379000,74.379,3294.161,0.0
2023-11-25 14:39:54.265,0 days 00:54:54.261000,1352.8230849962772,-103.72018011530206,-231.94607305481375,OnTrack,215.0,11434.333333333334,100.0,0.0,8,5,4666.525608095824,0.8912320376379167,14.0,429.3974999999976,interpolation,0 days 00:01:14.479000,74.479,3294.261,0.0
2023-11-25 14:39:54.365,0 days 00:54:54.361000,1281.4329557103356,-113.02420033479964,-231.8907357785928,OnTrack,217.0,11258.666666666666,100.0,0.0,8,5,4672.932304198217,0.8924556145131742,14.0,427.6197222222197,interpolation,0 days 00:01:14.579000,74.579,3294.361,0.0
2023-11-25 14:39:54.465,0 days 00:54:54.461000,1219.0,-121.0,-232.0,OnTrack,219.0,11083.0,100.0,0.0,8,5,4679.731388888893,0.8937541313567188,14.0,425.8419444444417,interpolation,0 days 00:01:14.679000,74.679,3294.461,0.0
2023-11-25 14:39:54.565,0 days 00:54:54.561000,1167.8859370828648,-127.32890396611002,-232.30153421548263,OnTrack,222.25,11090.0,100.0,0.0,8,5,4686.963958350687,0.8951354368846709,14.0,424.1919444444416,interpolation,0 days 00:01:14.779000,74.779,3294.561,0.0
2023-11-25 14:39:54.665,0 days 00:54:54.661000,1124.4669471473665,-132.67246277491182,-232.74184831554604,OnTrack,225.5,11097.0,100.0,0.0,8,5,4694.630012583601,0.8965995310970307,14.0,422.5419444444415,interpolation,0 days 00:01:14.879000,74.879,3294.661,0.0
2023-11-25 14:39:54.765,0 days 00:54:54.761000,1067.0,-141.0,-233.0,OnTrack,228.75,11104.0,100.0,0.0,8,5,4701.935643858048,0.8979947902670783,14.0,420.8919444444414,interpolation,0 days 00:01:14.979000,74.979,3294.761,0.0
2023-11-25 14:39:54.865,0 days 00:54:54.861000,991.8612387210972,-152.973072957469,-233.0224986116084,OnTrack,232.0,11111.0,100.0,0.0,8,5,4708.086944444449,0.899169590668094,14.0,419.2419444444413,interpolation,0 days 00:01:15.079000,75.079,3294.861,0.0
2023-11-25 14:39:54.965,0 days 00:54:54.961000,919.0,-165.0,-233.0,OnTrack,234.5,11207.0,100.0,0.0,8,6,4713.083914342802,0.9001239323000778,14.0,418.0863888888857,interpolation,0 days 00:01:15.179000,75.179,3294.961,0.0
2023-11-25 14:39:55.065,0 days 00:54:55.061000,868.3656205260507,-173.4890994802742,-233.12316001480377,OnTrack,237.0,11303.0,100.0,0.0,8,6,4718.620277777782,0.9011812895031972,14.0,416.93083333333016,interpolation,0 days 00:01:15.279000,75.279,3295.061,0.0
2023-11-25 14:39:55.165,0 days 00:54:55.161000,833.427251416295,-179.56772905143123,-233.3023721364252,OnTrack,239.0,11406.5,100.0,0.0,8,6,4726.389758974068,0.9026651366176204,14.0,415.3308333333298,interpolation,0 days 00:01:15.379000,75.379,3295.161,0.0
2023-11-25 14:39:55.265,0 days 00:54:55.261000,775.0,-190.0,-233.0,OnTrack,241.0,11510.0,100.0,0.0,8,6,4734.686944444449,0.9042497668402852,14.0,413.73083333332943,pos,0 days 00:01:15.479000,75.479,3295.261,0.0
2023-11-25 14:39:55.365,0 days 00:54:55.361000,686.5530842697617,-205.91325843503688,-232.12643800349971,OnTrack,243.0,11543.0,100.0,0.0,8,6,4741.80642070172,0.9056094733681296,14.0,412.4530555555516,interpolation,0 days 00:01:15.579000,75.579,3295.361,0.0
2023-11-25 14:39:55.465,0 days 00:54:55.461000,588.0,-223.0,-231.0,OnTrack,245.0,11576.0,100.0,0.0,8,6,4748.29805555556,0.9068492721915524,14.0,411.1752777777738,interpolation,0 days 00:01:15.679000,75.679,3295.461,0.0
2023-11-25 14:39:55.565,0 days 00:54:55.561000,499.2542429651349,-236.9527203383476,-229.93899984257644,OnTrack,246.5,11314.25,100.0,0.0,8,6,4754.711716815657,0.9080741793009528,14.0,410.2002777777736,interpolation,0 days 00:01:15.779000,75.779,3295.561,0.0
2023-11-25 14:39:55.665,0 days 00:54:55.661000,420.73973276261626,-247.8318528732221,-228.94195830672717,OnTrack,248.0,11052.5,100.0,0.0,8,6,4761.047404482012,0.9092841946963311,14.0,409.2252777777735,interpolation,0 days 00:01:15.879000,75.879,3295.661,0.0
2023-11-25 14:39:55.765,0 days 00:54:55.761000,355.0,-256.0,-228.0,OnTrack,249.5,10790.75,100.0,0.0,8,6,4767.283417685141,0.910475173857384,14.0,408.25027777777336,interpolation,0 days 00:01:15.979000,75.979,3295.761,0.0
2023-11-25 14:39:55.865,0 days 00:54:55.861000,302.4589686156953,-261.5175957606652,-227.11164568274583,OnTrack,251.0,10529.0,100.0,0.0,8,6,4773.39805555556,0.9116429722638082,14.0,407.2752777777732,interpolation,0 days 00:01:16.079000,76.079,3295.861,0.0
2023-11-25 14:39:55.965,0 days 00:54:55.961000,259.5640698189731,-264.0956243705296,-226.22181194287444,OnTrack,252.0,10568.0,100.0,0.0,8,6,4779.391318093269,0.9127875899156036,14.0,406.3308333333289,interpolation,0 days 00:01:16.179000,76.179,3295.961,0.0
2023-11-25 14:39:56.065,0 days 00:54:56.061000,205.0,-262.0,-225.0,OnTrack,253.0,10607.0,100.0,0.0,8,6,4787.453611111116,0.914327359422464,14.0,405.3863888888845,interpolation,0 days 00:01:16.279000,76.279,3296.061,0.0
2023-11-25 14:39:56.165,0 days 00:54:56.161000,135.2142267461652,-254.94170982389485,-223.39112700608345,OnTrack,255.0,10688.0,100.0,0.0,8,7,4798.786944444449,0.9164918455108664,14.0,403.8752777777736,interpolation,0 days 00:01:16.379000,76.379,3296.161,0.0
2023-11-25 14:39:56.265,0 days 00:54:56.261000,62.0,-244.0,-222.0,OnTrack,255.33333333333331,10711.333333333334,100.0,0.0,8,7,4807.460972591709,0.9181484466804388,14.0,403.12342592592177,interpolation,0 days 00:01:16.479000,76.479,3296.261,0.0
2023-11-25 14:39:56.365,0 days 00:54:56.361000,-2.849430295964197,-230.25411668610147,-221.4314260206249,OnTrack,255.66666666666663,10734.666666666666,100.0,0.0,8,7,4813.024211506551,0.9192109366719946,14.0,402.37157407406994,interpolation,0 days 00:01:16.579000,76.579,3296.361,0.0
2023-11-25 14:39:56.465,0 days 00:54:56.461000,-82.0,-202.0,-221.0,OnTrack,256.0,10758.0,100.0,0.0,8,7,4818.69805555556,0.9202945504818631,14.0,401.6197222222181,interpolation,0 days 00:01:16.679000,76.679,3296.461,0.0
2023-11-25 14:39:56.565,0 days 00:54:56.561000,-198.11764497038,-147.5335900594963,-220.0203168701672,OnTrack,257.0,10783.0,100.0,0.0,8,7,4825.019401050917,0.9215018267511,14.0,400.97157407407,interpolation,0 days 00:01:16.779000,76.779,3296.561,0.0
2023-11-25 14:39:56.665,0 days 00:54:56.661000,-312.0,-88.0,-219.0,OnTrack,258.0,10808.0,100.0,0.0,8,7,4831.903570906023,0.9228165935053568,14.0,400.32342592592187,interpolation,0 days 00:01:16.879000,76.879,3296.661,0.0
2023-11-25 14:39:56.765,0 days 00:54:56.761000,-384.4446998817558,-44.544342956920765,-218.44667275837196,OnTrack,259.0,10833.0,100.0,0.0,8,7,4838.842500000004,0.924141818401739,14.0,399.6752777777738,interpolation,0 days 00:01:16.979000,76.979,3296.761,0.0
2023-11-25 14:39:56.865,0 days 00:54:56.861000,-415.4517446156476,-17.166618930258593,-218.3603351452832,OnTrack,259.0,10911.0,100.0,0.0,8,7,4845.751510379168,0.9254613293002976,14.0,399.11972222221857,interpolation,0 days 00:01:17.079000,77.079,3296.861,0.0
2023-11-25 14:39:56.965,0 days 00:54:56.961000,-428.2329170417154,3.294414561532884,-218.59382995955275,OnTrack,259.0,10989.0,100.0,0.0,8,7,4853.231388888893,0.926889866915936,14.0,398.56416666666337,interpolation,0 days 00:01:17.179000,77.179,3296.961,0.0
2023-11-25 14:39:57.065,0 days 00:54:57.061000,-446.0,26.0,-219.0,OnTrack,259.0,10974.5,100.0,0.0,8,7,4861.882922374556,0.9285421719635594,14.0,397.96416666666346,interpolation,0 days 00:01:17.279000,77.279,3297.061,0.0
2023-11-25 14:39:57.165,0 days 00:54:57.161000,-468.752993490501,50.95013738514276,-219.5788452666249,OnTrack,259.0,10960.0,100.0,0.0,8,7,4870.498055555559,0.9301875251329724,14.0,397.3641666666636,interpolation,0 days 00:01:17.379000,77.379,3297.161,0.0
2023-11-25 14:39:57.265,0 days 00:54:57.261000,-510.0,105.0,-220.0,OnTrack,259.75,10956.5,100.0,0.0,8,7,4877.868733151306,0.9315952071139806,14.0,396.9641666666637,interpolation,0 days 00:01:17.479000,77.479,3297.261,0.0
2023-11-25 14:39:57.365,0 days 00:54:57.361000,-577.0,205.0,-220.0,OnTrack,260.5,10953.0,100.0,0.0,8,7,4883.994955161797,0.932765217906584,14.0,396.5641666666638,interpolation,0 days 00:01:17.579000,77.579,3297.361,0.0
2023-11-25 14:39:57.465,0 days 00:54:57.461000,-632.2584533712028,290.92187796469204,-219.9802525672288,OnTrack,261.25,10949.5,100.0,0.0,8,7,4889.9227273691695,0.9338973279487672,14.0,396.164166666664,interpolation,0 days 00:01:17.679000,77.679,3297.461,0.0
2023-11-25 14:39:57.565,0 days 00:54:57.561000,-669.5263020890118,352.7609752146949,-220.0076585759201,OnTrack,262.0,10946.0,100.0,0.0,8,7,4896.698055555559,0.935191307678514,14.0,395.7641666666641,interpolation,0 days 00:01:17.779000,77.779,3297.561,0.0
2023-11-25 14:39:57.665,0 days 00:54:57.661000,-699.2809997623151,404.71958485735047,-220.03123529665132,OnTrack,263.0,10986.333333333334,100.0,0.0,8,7,4904.320939720967,0.9366471570958256,14.0,395.31972222221975,interpolation,0 days 00:01:17.879000,77.879,3297.661,0.0
2023-11-25 14:39:57.765,0 days 00:54:57.761000,-732.0,461.0,-220.0,OnTrack,264.0,11026.666666666666,100.0,0.0,8,7,4912.585183064051,0.9382254958970556,14.0,394.8752777777754,pos,0 days 00:01:17.979000,77.979,3297.761,0.0
2023-11-25 14:39:57.865,0 days 00:54:57.861000,-767.6833028020669,521.6022206426437,-219.91395268596608,OnTrack,265.0,11067.0,100.0,0.0,8,7,4920.253611111115,0.9396900434700952,14.0,394.4308333333311,interpolation,0 days 00:01:18.079000,78.079,3297.861,0.0
2023-11-25 14:39:57.965,0 days 00:54:57.961000,-806.3309081685156,586.5262467852816,-219.7730933545496,OnTrack,266.0,11102.333333333334,100.0,0.0,8,7,4927.120029172264,0.941001419914552,14.0,393.8604629629605,interpolation,0 days 00:01:18.179000,78.179,3297.961,0.0
2023-11-25 14:39:58.065,0 days 00:54:58.061000,-843.8130594507066,649.1871495352786,-219.7456873458583,OnTrack,267.0,11137.666666666666,100.0,0.0,8,7,4933.479016266301,0.9422158851293791,14.0,393.29009259258993,interpolation,0 days 00:01:18.279000,78.279,3298.061,0.0
2023-11-25 14:39:58.165,0 days 00:54:58.161000,-876.0,703.0,-220.0,OnTrack,268.0,11173.0,100.0,0.0,8,7,4941.09805555556,0.9436710002366078,14.0,392.7197222222194,interpolation,0 days 00:01:18.379000,78.379,3298.161,0.0
2023-11-25 14:39:58.265,0 days 00:54:58.261000,-902.8917298163958,747.9647981794456,-220.53603131697477,OnTrack,268.5,11002.0,97.0,0.0,8,7,4950.271729075352,0.945423025711296,14.0,391.8197222222193,interpolation,0 days 00:01:18.479000,78.479,3298.261,0.0
2023-11-25 14:39:58.365,0 days 00:54:58.361000,-934.0,807.0,-221.0,OnTrack,269.0,10831.0,94.0,0.0,8,7,4959.031388888893,0.9470959811647268,14.0,390.9197222222192,interpolation,0 days 00:01:18.579000,78.579,3298.361,0.0
2023-11-25 14:39:58.465,0 days 00:54:58.461000,-978.8365616509182,903.0240613880484,-221.0381247522933,OnTrack,264.0,10530.0,47.0,1.0,8,7,4965.408387059403,0.9483138862081828,14.0,390.4530555555525,interpolation,0 days 00:01:18.679000,78.679,3298.461,0.0
2023-11-25 14:39:58.565,0 days 00:54:58.561000,-1022.0,1001.0,-221.0,OnTrack,259.0,10229.0,0.0,1.0,8,7,4970.542500000004,0.9492944199760844,14.0,389.9863888888858,interpolation,0 days 00:01:18.779000,78.779,3298.561,0.0
2023-11-25 14:39:58.665,0 days 00:54:58.661000,-1048.0889002780957,1065.8908334922642,-221.2352201692656,OnTrack,244.5,9699.5,0.0,1.0,8,7,4975.57350412382,0.9502552616028512,14.0,390.1197222222195,interpolation,0 days 00:01:18.879000,78.879,3298.661,0.0
2023-11-25 14:39:58.765,0 days 00:54:58.761000,-1059.5429278546414,1104.2057857365012,-221.6853744748848,OnTrack,230.0,9170.0,0.0,1.0,8,7,4980.764722222227,0.951246701546016,14.0,390.2530555555532,interpolation,0 days 00:01:18.979000,78.979,3298.761,0.0
2023-11-25 14:39:58.865,0 days 00:54:58.861000,-1071.0,1155.0,-222.0,OnTrack,217.33333333333331,9470.0,0.0,1.0,8,7,4986.379477086604,0.9523190302631102,14.0,391.31972222221975,interpolation,0 days 00:01:19.079000,79.079,3298.861,0.0
2023-11-25 14:39:58.965,0 days 00:54:58.961000,-1084.8997571015634,1224.7826335003103,-222.12068655752952,OnTrack,204.66666666666663,9770.0,0.0,1.0,8,7,4992.301300738926,0.953450004226059,14.0,392.3863888888864,interpolation,0 days 00:01:19.179000,79.179,3298.961,0.0
2023-11-25 14:39:59.065,0 days 00:54:59.061000,-1100.23916634155,1307.5189114793818,-222.07185153414707,OnTrack,192.0,10070.0,0.0,1.0,8,7,4997.831388888893,0.9545061629497276,14.0,393.45305555555296,interpolation,0 days 00:01:19.279000,79.279,3299.061,0.0
2023-11-25 14:39:59.165,0 days 00:54:59.161000,-1111.0,1367.0,-222.0,OnTrack,185.0,10178.25,0.0,1.0,8,7,5002.853274751105,0.9554652631338127,14.0,395.0086111111084,interpolation,0 days 00:01:19.379000,79.379,3299.161,0.0
2023-11-25 14:39:59.265,0 days 00:54:59.261000,-1116.1792149880232,1397.1910625077048,-221.92954959179747,OnTrack,178.0,10286.5,0.0,1.0,8,7,5007.366958325561,0.9563273047783152,14.0,396.5641666666638,interpolation,0 days 00:01:19.479000,79.479,3299.261,0.0
2023-11-25 14:39:59.365,0 days 00:54:59.361000,-1116.5776152664891,1404.2362189205348,-221.8835168155215,OnTrack,171.0,10394.75,0.0,1.0,8,7,5011.668412737239,0.957148814034254,14.0,398.11972222221925,interpolation,0 days 00:01:19.579000,79.579,3299.361,0.0
2023-11-25 14:39:59.465,0 days 00:54:59.461000,-1117.0,1425.0,-222.0,OnTrack,164.0,10503.0,0.0,1.0,8,7,5016.053611111116,0.9579863170526488,14.0,399.6752777777747,interpolation,0 days 00:01:19.679000,79.679,3299.461,0.0
2023-11-25 14:39:59.565,0 days 00:54:59.561000,-1118.2471649492347,1465.626462748674,-222.30201541552728,OnTrack,156.66666666666666,10264.333333333334,0.3333333333333333,1.0,8,7,5020.522553447193,0.9588398138335,14.0,401.8314814814785,interpolation,0 days 00:01:19.779000,79.779,3299.561,0.0
2023-11-25 14:39:59.665,0 days 00:54:59.661000,-1119.961796278843,1522.174794700837,-222.7381584664841,OnTrack,149.33333333333334,10025.666666666666,0.6666666666666666,1.0,8,7,5024.955764473606,0.9596864865035256,14.0,403.9876851851823,interpolation,0 days 00:01:19.879000,79.879,3299.661,0.0
2023-11-25 14:39:59.765,0 days 00:54:59.761000,-1120.0,1571.0,-223.0,OnTrack,142.0,9787.0,1.0,1.0,8,7,5028.636388888894,0.9603894271220716,14.0,406.14388888888607,interpolation,0 days 00:01:19.979000,79.979,3299.761,0.0
2023-11-25 14:39:59.865,0 days 00:54:59.861000,-1118.0044586184436,1608.161225826319,-223.03613489407016,OnTrack,139.5,9750.0,1.5,1.0,8,5,5031.444950197756,0.9609258175822002,14.0,407.8549999999973,interpolation,0 days 00:01:20.079000,80.079,3299.861,0.0
2023-11-25 14:39:59.965,0 days 00:54:59.961000,-1115.0,1639.0,-223.0,OnTrack,137.0,9713.0,2.0,1.0,8,4,5034.725277777782,0.9615523078832916,14.0,409.5661111111085,car,0 days 00:01:20.179000,80.179,3299.961,0.0
2023-11-25 14:40:00.065,0 days 00:55:00.061000,-1112.0,1668.0,-223.0,OnTrack,135.0,9531.5,5.0,1.0,8,4,5039.82120100656,0.962525548024726,14.0,412.5216666666638,interpolation,0 days 00:01:20.279000,80.279,3300.061,0.0
2023-11-25 14:40:00.165,0 days 00:55:00.161000,-1108.9357462036578,1690.014097425562,-222.76594049610668,OnTrack,133.0,9350.0,8.0,1.0,8,4,5045.069722222227,0.9635279319502548,14.0,415.4772222222191,interpolation,0 days 00:01:20.379000,80.379,3300.161,0.0
2023-11-25 14:40:00.265,0 days 00:55:00.261000,-1105.5091073685587,1706.0165372111408,-222.31272808839327,OnTrack,131.66666666666666,9254.0,9.0,0.0,8,3,5048.807843762922,0.9642418536036306,14.0,417.1508333333301,interpolation,0 days 00:01:20.479000,80.479,3300.261,0.0
2023-11-25 14:40:00.365,0 days 00:55:00.361000,-1100.0,1727.0,-222.0,OnTrack,130.33333333333334,9158.0,10.0,0.0,8,3,5051.252529451008,0.9647087496179578,14.0,418.8244444444411,interpolation,0 days 00:01:20.579000,80.579,3300.361,0.0
2023-11-25 14:40:00.465,0 days 00:55:00.461000,-1092.1217420477235,1754.7966086131198,-221.8876960750078,OnTrack,129.0,9062.0,11.0,0.0,8,3,5053.705555555561,0.9651772385189396,14.0,420.4980555555521,interpolation,0 days 00:01:20.679000,80.679,3300.461,0.0
2023-11-25 14:40:00.565,0 days 00:55:00.561000,-1081.6234688341124,1788.203107464275,-221.9464428003525,OnTrack,127.0,9106.0,18.666666666666664,0.0,8,3,5056.383883677245,0.9656887565153716,14.0,422.5721296296263,interpolation,0 days 00:01:20.779000,80.779,3300.561,0.0
2023-11-25 14:40:00.665,0 days 00:55:00.661000,-1067.0,1820.0,-222.0,OnTrack,125.0,9150.0,26.33333333333333,0.0,8,3,5059.382599741524,0.9662614635039776,14.0,424.64620370370056,pos,0 days 00:01:20.879000,80.879,3300.661,0.0
2023-11-25 14:40:00.765,0 days 00:55:00.761000,-1048.0004734366105,1848.984042955344,-222.0189944616693,OnTrack,123.0,9194.0,34.0,0.0,8,3,5063.272222222227,0.9670043194229734,14.0,426.7202777777748,interpolation,0 days 00:01:20.979000,80.979,3300.761,0.0
2023-11-25 14:40:00.865,0 days 00:55:00.861000,-1025.3056371400933,1874.8759506030624,-222.0086155930836,OnTrack,124.5,9421.0,46.0,0.0,8,3,5068.1478380185,0.9679354843550408,14.0,429.5202777777745,interpolation,0 days 00:01:21.079000,81.079,3300.861,0.0
2023-11-25 14:40:00.965,0 days 00:55:00.961000,-1003.0,1896.0,-222.0,OnTrack,126.0,9648.0,58.0,0.0,8,3,5073.072222222228,0.968875963275886,14.0,432.3202777777742,interpolation,0 days 00:01:21.179000,81.179,3300.961,0.0
2023-11-25 14:40:01.065,0 days 00:55:01.061000,-981.7643169833764,1912.0769025590132,-221.9983371432816,OnTrack,128.5,9971.0,65.0,0.0,8,3,5077.1081499252905,0.9696467611612164,14.0,434.01472222221855,interpolation,0 days 00:01:21.279000,81.279,3301.061,0.0
2023-11-25 14:40:01.165,0 days 00:55:01.161000,-956.0,1926.0,-222.0,OnTrack,131.0,10294.0,72.0,0.0,8,3,5080.350000000005,0.9702659028718698,14.0,435.7091666666629,interpolation,0 days 00:01:21.379000,81.379,3301.161,0.0
2023-11-25 14:40:01.265,0 days 00:55:01.261000,-920.1084609596492,1940.6626340428584,-222.00136154722708,OnTrack,133.0,10453.333333333334,74.66666666666667,0.0,8,3,5082.892151318685,0.970751413268684,14.0,436.6869444444407,interpolation,0 days 00:01:21.479000,81.479,3301.261,0.0
2023-11-25 14:40:01.365,0 days 00:55:01.361000,-878.0,1954.0,-222.0,OnTrack,135.0,10612.666666666666,77.33333333333333,0.0,8,3,5085.135269209531,0.9711798130453942,14.0,437.6647222222185,interpolation,0 days 00:01:21.579000,81.579,3301.361,0.0
2023-11-25 14:40:01.465,0 days 00:55:01.461000,-833.5849172587285,1963.947293183835,-221.993493573356,OnTrack,137.0,10772.0,80.0,0.0,8,3,5089.483333333339,0.9720102240137,14.0,438.6424999999963,interpolation,0 days 00:01:21.679000,81.679,3301.461,0.0
2023-11-25 14:40:01.565,0 days 00:55:01.561000,-786.4371127890499,1970.763218785009,-221.98572604923865,OnTrack,141.0,11200.0,87.0,0.0,8,3,5095.7500000000055,0.9732070574978752,14.0,440.4202777777746,interpolation,0 days 00:01:21.779000,81.779,3301.561,0.0
2023-11-25 14:40:01.665,0 days 00:55:01.661000,-734.0,1976.0,-222.0,OnTrack,147.5,11439.0,91.0,0.0,8,3,5100.413257749158,0.9740976654265232,14.0,440.8924999999968,interpolation,0 days 00:01:21.879000,81.879,3301.661,0.0
2023-11-25 14:40:01.765,0 days 00:55:01.761000,-675.847483308035,1979.9163393703263,-222.040199167814,OnTrack,154.0,11678.0,95.0,0.0,8,3,5104.305555555561,0.9748410322901006,14.0,441.3647222222189,interpolation,0 days 00:01:21.979000,81.979,3301.761,0.0
2023-11-25 14:40:01.865,0 days 00:55:01.861000,-623.0,1983.0,-222.0,OnTrack,158.0,11652.0,97.5,0.0,8,3,5108.846341298593,0.9757082500169718,14.0,441.6147222222189,interpolation,0 days 00:01:22.079000,82.079,3301.861,0.0
2023-11-25 14:40:01.965,0 days 00:55:01.961000,-586.4779873627408,1985.738744993034,-221.77307894387764,OnTrack,162.0,11626.0,100.0,0.0,8,3,5113.305555555561,0.976559888889714,14.0,441.8647222222189,interpolation,0 days 00:01:22.179000,82.179,3301.961,0.0
2023-11-25 14:40:02.065,0 days 00:55:02.061000,-566.2814453962574,1988.1325743494288,-221.359435999447,OnTrack,162.0,11349.0,100.0,0.0,8,3,5116.953138903775,0.9772565191909052,14.0,441.82027777777466,interpolation,0 days 00:01:22.279000,82.279,3302.061,0.0
2023-11-25 14:40:02.165,0 days 00:55:02.161000,-539.1941807316451,1991.9601165311087,-221.2660750552928,OnTrack,162.0,11072.0,100.0,0.0,8,3,5120.505555555561,0.9779349741694048,14.0,441.7758333333304,interpolation,0 days 00:01:22.379000,82.379,3302.161,0.0
2023-11-25 14:40:02.265,0 days 00:55:02.261000,-482.0,1999.0,-222.0,OnTrack,167.66666666666666,11288.666666666666,100.0,0.0,8,3,5124.679269723245,0.9787320870740744,14.0,441.1276851851823,interpolation,0 days 00:01:22.479000,82.479,3302.261,0.0
2023-11-25 14:40:02.365,0 days 00:55:02.361000,-394.6989032013215,2009.2522247561024,-223.56121083356865,OnTrack,173.33333333333334,11505.333333333334,100.0,0.0,8,3,5129.422857583688,0.9796380367740486,14.0,440.47953703703416,interpolation,0 days 00:01:22.579000,82.579,3302.361,0.0
2023-11-25 14:40:02.465,0 days 00:55:02.461000,-308.0,2019.0,-225.0,OnTrack,179.0,11722.0,100.0,0.0,8,3,5134.427777777783,0.9805938967858444,14.0,439.83138888888607,interpolation,0 days 00:01:22.679000,82.679,3302.461,0.0
2023-11-25 14:40:02.565,0 days 00:55:02.561000,-252.61240006042576,2024.526534932278,-225.36665994329547,OnTrack,182.75,11489.5,100.0,0.0,8,4,5139.642607008969,0.9815898460791644,14.0,438.55361111110847,interpolation,0 days 00:01:22.779000,82.779,3302.561,0.0
2023-11-25 14:40:02.665,0 days 00:55:02.661000,-228.53610338259867,2025.831829552936,-224.66119066345507,OnTrack,186.5,11257.0,100.0,0.0,8,4,5145.067345277246,0.9826258846540092,14.0,437.27583333333087,interpolation,0 days 00:01:22.879000,82.879,3302.661,0.0
2023-11-25 14:40:02.765,0 days 00:55:02.761000,-209.94175501347223,2025.7212093971248,-224.3751260518871,OnTrack,190.25,11024.5,100.0,0.0,8,4,5150.56118868468,0.983675121209355,14.0,435.99805555555326,interpolation,0 days 00:01:22.979000,82.979,3302.761,0.0
2023-11-25 14:40:02.865,0 days 00:55:02.861000,-171.0,2027.0,-226.0,OnTrack,194.0,10792.0,100.0,0.0,8,4,5155.983333333338,0.984710664444178,14.0,434.72027777777566,interpolation,0 days 00:01:23.079000,83.079,3302.861,0.0
2023-11-25 14:40:02.965,0 days 00:55:02.961000,-111.7108383421819,2029.668201361559,-229.53581250779376,OnTrack,197.66666666666663,10923.333333333334,100.0,0.0,8,4,5161.333779223221,0.985732514358478,14.0,433.1387962962942,interpolation,0 days 00:01:23.179000,83.179,3302.961,0.0
2023-11-25 14:40:03.065,0 days 00:55:03.061000,-43.0,2033.0,-233.0,OnTrack,201.33333333333331,11054.666666666666,100.0,0.0,8,4,5166.624548874528,0.986742967062054,14.0,431.5573148148126,interpolation,0 days 00:01:23.279000,83.279,3303.061,0.0
2023-11-25 14:40:03.165,0 days 00:55:03.161000,24.20678506656366,2036.2695824335208,-234.40999890135043,OnTrack,205.0,11186.0,100.0,0.0,8,4,5171.927777777783,0.987755799284234,14.0,429.9758333333312,interpolation,0 days 00:01:23.379000,83.379,3303.161,0.0
2023-11-25 14:40:03.265,0 days 00:55:03.261000,96.0,2040.0,-235.0,OnTrack,207.66666666666663,11378.0,100.0,0.0,8,5,5177.255488576295,0.9887733071583292,14.0,427.7832407407386,interpolation,0 days 00:01:23.479000,83.479,3303.261,0.0
2023-11-25 14:40:03.365,0 days 00:55:03.361000,178.47012794279996,2044.714304037318,-236.00419408410352,OnTrack,210.33333333333331,11570.0,100.0,0.0,8,5,5182.927321833548,0.9898565369390108,14.0,425.5906481481461,interpolation,0 days 00:01:23.579000,83.579,3303.361,0.0
2023-11-25 14:40:03.465,0 days 00:55:03.461000,254.0,2049.0,-237.0,OnTrack,213.0,11762.0,100.0,0.0,8,5,5190.861111111116,0.9913717642789766,14.0,423.3980555555536,interpolation,0 days 00:01:23.679000,83.679,3303.461,0.0
2023-11-25 14:40:03.565,0 days 00:55:03.561000,304.97244727663644,2051.4445933425704,-237.56483659402824,OnTrack,219.0,11242.0,100.0,0.0,8,5,5200.594444444449,0.993230675860781,14.0,419.7980555555532,interpolation,0 days 00:01:23.779000,83.779,3303.561,0.0
2023-11-25 14:40:03.665,0 days 00:55:03.661000,336.24911234622186,2052.6246963004783,-237.76519232629803,OnTrack,221.0,11081.0,100.0,0.0,8,5,5207.435050328437,0.994537122590675,14.0,417.77583333333104,interpolation,0 days 00:01:23.879000,83.879,3303.661,0.0
2023-11-25 14:40:03.765,0 days 00:55:03.761000,377.0,2056.0,-238.0,OnTrack,223.0,10920.0,100.0,0.0,8,5,5211.212277207209,0.9952585127405434,14.0,415.7536111111088,interpolation,0 days 00:01:23.979000,83.979,3303.761,0.0
2023-11-25 14:40:03.865,0 days 00:55:03.861000,432.0868025949583,2062.147122581124,-238.33574875608923,OnTrack,225.0,10759.0,100.0,0.0,8,5,5215.594444444449,0.9960954368601368,14.0,413.7313888888866,interpolation,0 days 00:01:24.079000,84.079,3303.861,0.0
2023-11-25 14:40:03.965,0 days 00:55:03.961000,499.1463839973511,2070.648637687019,-238.7379863085879,OnTrack,226.66666666666663,10891.0,100.0,0.0,8,5,5221.192935470477,0.997164659443244,14.0,413.7313888888866,interpolation,0 days 00:01:24.179000,84.179,3303.961,0.0
2023-11-25 14:40:04.065,0 days 00:55:04.061000,564.0,2079.0,-239.0,OnTrack,228.33333333333331,11023.0,100.0,0.0,8,5,5228.007750285292,0.9984661804898652,14.0,413.7313888888866,interpolation,0 days 00:01:24.279000,84.279,3304.061,0.0
2023-11-25 14:40:04.145,0 days 00:55:04.141000,612.5931584232865,2085.2724360444936,-239.0838444102138,OnTrack,229.66666666666663,11128.6,100.0,0.0,8,5,5234.335355265071,0.999674652220892,14.0,413.7313888888866,interpolation,0 days 00:01:24.359000,84.359,3304.141,0.0
